50000
100000
150000
200000
250000
300000
350000
400000
450000
500000
550000
600000
650000
700000
750000
800000
850000
900000
950000
1000000
1050000
1100000
1150000
1200000
1250000
1300000
1350000
1400000
1450000
1500000
1550000
1600000
1650000
1700000
1750000
1800000
1850000
1900000
1950000
2000000
2050000
2100000
2150000
2200000
2250000
2300000
2350000
2400000
2450000
2500000
2550000
2600000
2650000
2700000
2750000
2800000
2850000
2900000
2950000
3000000
3050000
3100000
3150000
3200000
3250000
3300000
3350000
3400000
3450000
3500000
3550000
3600000
3650000
3700000
3750000
3800000
3850000
3900000
3950000
4000000
4050000
4100000
4150000
4200000
4250000
4300000
4350000
4400000
4450000
4500000
4550000
4600000
4650000
4700000
4750000
4800000
4850000
4900000
4950000
5000000
5050000
5100000
5150000
5200000
5250000
5300000
5350000
5400000
5450000
5500000
5550000
5600000
5650000
5700000
5750000
5800000
5850000
5900000
5950000
6000000
6050000
6100000
6150000
6200000
6250000
6300000
6350000
6400000
6450000
6500000
6550000
6600000
6650000
6700000
6750000
6800000
6850000
6900000
6950000
7000000
7050000
7100000
7150000
7200000
7250000
7300000
7350000
7400000
7450000
7500000
7550000
7600000
7650000
7700000
7750000
7800000
7850000
7900000
7950000
8000000
8050000
8100000
8150000
8200000
8250000
8300000
8350000
8400000
8450000
8500000
8550000
8600000
8650000
8700000
8750000
8800000
8850000
8900000
8950000
9000000
9050000
9100000
9150000
9200000
9250000
9300000
9350000
9400000
9450000
9500000
9550000
9600000
9650000
9700000
9750000
9800000
9850000
9900000
9950000
10000000
10050000
10100000
10150000
10200000
10250000
10300000
10350000
10400000
10450000
10500000
10550000
10600000
10650000
10700000
10750000
10800000
10850000
10900000
10950000
11000000
11050000
11100000
11150000
11200000
11250000
11300000
11350000
11400000
11450000
11500000
11550000
11600000
11650000
11700000
11750000
11800000
11850000
11900000
11950000
12000000
12050000
12100000
12150000
12200000
12250000
12300000
12350000
12400000
12450000
12500000
12550000
12600000
12650000
12700000
12750000
12800000
12850000
12900000
12950000
13000000
13050000
13100000
13150000
13200000
13250000
13300000
13350000
13400000
13450000
13500000
13550000
13600000
13650000
13700000
13750000
13800000
13850000
13900000
13950000
14000000
14050000
14100000
14150000
14200000
14250000
14300000
14350000
14400000
14450000
14500000
14550000
14600000
14650000
14700000
14750000
14800000
14850000
14900000
14950000
15000000
15050000
15100000
15150000
15200000
15250000
15300000
15350000
15400000
15450000
15500000
15550000
15600000
15650000
15700000
15750000
15800000
15850000
15900000
15950000
16000000
16050000
16100000
16150000
16200000
16250000
16300000
16350000
16400000
16450000
16500000
16550000
16600000
16650000
16700000
16750000
16800000
16850000
16900000
16950000
17000000
17050000
17100000
17150000
17200000
17250000
17300000
17350000
17400000
17450000
17500000
17550000
17600000
17650000
17700000
17750000
17800000
17850000
17900000
17950000
18000000
18050000
18100000
18150000
18200000
18250000
18300000
18350000
18400000
18450000
18500000
18550000
18600000
18650000
18700000
18750000
18800000
18850000
18900000
18950000
19000000
19050000
19100000
19150000
19200000
19250000
19300000
19350000
19400000
19450000
19500000
19550000
19600000
19650000
19700000
19750000
19800000
19850000
19900000
19950000
20000000
20050000
20100000
20150000
20200000
20250000
20300000
20350000
20400000
20450000
20500000
20550000
20600000
20650000
20700000
20750000
20800000
20850000
20900000
20950000
21000000
21050000
21100000
21150000
21200000
21250000
21300000
21350000
21400000
21450000
21500000
21550000
21600000
21650000
21700000
21750000
21800000
21850000
21900000
21950000
22000000
22050000
22100000
22150000
22200000
22250000
22300000
22350000
22400000
22450000
22500000
22550000
22600000
22650000
22700000
22750000
22800000
22850000
22900000
22950000
23000000
23050000
23100000
23150000
23200000
23250000
23300000
23350000
23400000
23450000
23500000
23550000
23600000
23650000
23700000
23750000
23800000
23850000
23900000
23950000
24000000
24050000
24100000
24150000
24200000
24250000
24300000
24350000
24400000
24450000
24500000
24550000
24600000
24650000
24700000
24750000
24800000
24850000
24900000
24950000
25000000
25050000
25100000
25150000
25200000
25250000
25300000
25350000
25400000
25450000
25500000
25550000
25600000
25650000
25700000
25750000
25800000
25850000
25900000
25950000
26000000
26050000
26100000
26150000
26200000
26250000
26300000
26350000
26400000
26450000
26500000
26550000
26600000
26650000
26700000
26750000
26800000
26850000
26900000
26950000
27000000
27050000
27100000
27150000
27200000
27250000
27300000
27350000
27400000
27450000
27500000
27550000
27600000
27650000
27700000
27750000
27800000
27850000
27900000
27950000
28000000
28050000
28100000
28150000
28200000
28250000
28300000
28326860
50000
100000
150000
200000
250000
300000
350000
400000
450000
500000
550000
600000
650000
700000
750000
800000
850000
900000
950000
1000000
1050000
1100000
1150000
1200000
1250000
1300000
1350000
1400000
1450000
1500000
1550000
1600000
1650000
1700000
1750000
1800000
1850000
1900000
1950000
2000000
2050000
2100000
2150000
2200000
2250000
2300000
2350000
2400000
2450000
2500000
2550000
2600000
2650000
2700000
2750000
2800000
2850000
2900000
2950000
3000000
3050000
3100000
3150000
3200000
3250000
3300000
3350000
3400000
3450000
3500000
3550000
3600000
3650000
3700000
3750000
3800000
3850000
3900000
3950000
4000000
4050000
4100000
4150000
4200000
4250000
4300000
4350000
4400000
4450000
4500000
4550000
4600000
4650000
4700000
4750000
4800000
4850000
4900000
4950000
5000000
5050000
5100000
5150000
5200000
5250000
5300000
5350000
5400000
5450000
5500000
5550000
5600000
5650000
5700000
5750000
5800000
5850000
5900000
5950000
6000000
6050000
6100000
6150000
6200000
6250000
6300000
6350000
6400000
6450000
6500000
6550000
6600000
6650000
6700000
6750000
6800000
6850000
6900000
6950000
7000000
7050000
7100000
7150000
7200000
7250000
7300000
7350000
7400000
7450000
7500000
7550000
7600000
7650000
7700000
7750000
7800000
7850000
7900000
7950000
8000000
8050000
8100000
8150000
8200000
8250000
8300000
8350000
8400000
8450000
8500000
8550000
8600000
8650000
8700000
8750000
8800000
8850000
8900000
8950000
9000000
9050000
9100000
9150000
9200000
9250000
9300000
9350000
9400000
9450000
9500000
9550000
9600000
9650000
9700000
9750000
9800000
9850000
9900000
9950000
10000000
10050000
10100000
10150000
10200000
10250000
10300000
10350000
10400000
10450000
10500000
10550000
10600000
10650000
10700000
10750000
10800000
10850000
10900000
10950000
11000000
11050000
11100000
11150000
11200000
11250000
11300000
11350000
11400000
11450000
11500000
11550000
11600000
11650000
11700000
11750000
11800000
11850000
11900000
11950000
12000000
12050000
12100000
12150000
12200000
12250000
12300000
12350000
12400000
12450000
12500000
12550000
12600000
12650000
12700000
12750000
12800000
12850000
12900000
12950000
13000000
13050000
13100000
13150000
13200000
13250000
13300000
13350000
13400000
13450000
13500000
13550000
13600000
13650000
13700000
13750000
13800000
13850000
13900000
13950000
14000000
14050000
14100000
14150000
14200000
14250000
14300000
14350000
14400000
14450000
14500000
14550000
14600000
14650000
14700000
14750000
14800000
14850000
14900000
14950000
15000000
15050000
15100000
15150000
15200000
15250000
15300000
15350000
15400000
15450000
15500000
15550000
15600000
15650000
15700000
15750000
15800000
15850000
15900000
15950000
16000000
16050000
16100000
16150000
16200000
16250000
16300000
16350000
16400000
16450000
16500000
16550000
16600000
16650000
16700000
16750000
16800000
16850000
16900000
16950000
17000000
17050000
17100000
17150000
17200000
17250000
17300000
17350000
17400000
17450000
17500000
17550000
17600000
17650000
17700000
17750000
17800000
17850000
17900000
17950000
18000000
18050000
18100000
18150000
18200000
18250000
18300000
18350000
18400000
18450000
18500000
18550000
18593721
50000
100000
150000
200000
250000
300000
350000
400000
450000
500000
550000
600000
650000
700000
750000
800000
850000
900000
950000
1000000
1050000
1100000
1150000
1200000
1250000
1300000
1350000
1400000
1450000
1500000
1550000
1600000
1650000
1700000
1750000
1800000
1850000
1900000
1950000
2000000
2050000
2100000
2150000
2200000
2250000
2300000
2350000
2400000
2450000
2500000
2550000
2600000
2650000
2700000
2750000
2800000
2850000
2900000
2950000
3000000
3050000
3100000
3150000
3200000
3250000
3300000
3350000
3400000
3450000
3500000
3550000
3600000
3650000
3700000
3750000
3800000
3850000
3900000
3950000
4000000
4050000
4100000
4150000
4200000
4250000
4300000
4350000
4400000
4450000
4500000
4550000
4600000
4650000
4700000
4750000
4800000
4850000
4900000
4950000
5000000
5050000
5100000
5150000
5200000
5250000
5300000
5350000
5400000
5450000
5500000
5550000
5600000
5650000
5700000
5750000
5800000
5850000
5900000
5950000
6000000
6050000
6100000
6150000
6200000
6250000
6300000
6350000
6400000
6450000
6500000
6550000
6600000
6650000
6700000
6750000
6800000
6850000
6900000
6950000
7000000
7050000
7100000
7150000
7200000
7250000
7300000
7350000
7400000
7450000
7500000
7550000
7600000
7650000
7700000
7750000
7800000
7850000
7900000
7950000
8000000
8050000
8100000
8150000
8200000
8250000
8300000
8350000
8400000
8450000
8500000
8550000
8600000
8650000
8700000
8750000
8800000
8850000
8900000
8950000
9000000
9050000
9100000
9150000
9200000
9250000
9300000
9350000
9400000
9450000
9500000
9550000
9600000
9650000
9700000
9750000
9800000
9850000
9900000
9950000
10000000
10050000
10100000
10150000
10200000
10250000
10300000
10350000
10400000
10450000
10500000
10550000
10600000
10650000
10700000
10750000
10800000
10850000
10900000
10950000
11000000
11050000
11100000
11150000
11200000
11250000
11300000
11350000
11400000
11450000
11500000
11550000
11600000
11650000
11700000
11750000
11800000
11850000
11900000
11950000
12000000
12050000
12100000
12150000
12200000
12250000
12300000
12350000
12400000
12450000
12500000
12550000
12600000
12650000
12700000
12750000
12800000
12850000
12900000
12950000
13000000
13050000
13100000
13150000
13200000
13250000
13300000
13350000
13400000
13450000
13500000
13550000
13600000
13650000
13700000
13750000
13800000
13850000
13900000
13950000
14000000
14050000
14100000
14150000
14200000
14250000
14300000
14350000
14400000
14450000
14500000
14550000
14600000
14650000
14700000
14750000
14800000
14850000
14900000
14950000
15000000
15050000
15100000
15150000
15200000
15250000
15300000
15350000
15400000
15450000
15500000
15550000
15600000
15650000
15700000
15750000
15800000
15850000
15900000
15950000
16000000
16050000
16100000
16150000
16200000
16250000
16300000
16350000
16400000
16450000
16500000
16550000
16600000
16650000
16700000
16750000
16800000
16850000
16900000
16950000
17000000
17050000
17100000
17150000
17200000
17250000
17300000
17350000
17400000
17450000
17500000
17550000
17565387
50000
100000
150000
200000
250000
300000
350000
400000
450000
500000
550000
600000
650000
700000
750000
800000
850000
900000
950000
1000000
1050000
1100000
1150000
1200000
1250000
1300000
1350000
1400000
1450000
1500000
1550000
1600000
1650000
1700000
1750000
1800000
1850000
1900000
1950000
2000000
2050000
2100000
2150000
2200000
2250000
2300000
2350000
2400000
2450000
2500000
2550000
2600000
2650000
2700000
2750000
2800000
2850000
2900000
2950000
3000000
3050000
3100000
3150000
3200000
3250000
3300000
3350000
3400000
3450000
3500000
3550000
3600000
3650000
3700000
3750000
3800000
3850000
3900000
3950000
4000000
4050000
4100000
4150000
4200000
4250000
4300000
4350000
4400000
4450000
4500000
4550000
4600000
4650000
4700000
4750000
4800000
4850000
4900000
4950000
5000000
5050000
5100000
5150000
5200000
5250000
5300000
5350000
5400000
5450000
5500000
5550000
5600000
5650000
5700000
5750000
5800000
5850000
5900000
5950000
6000000
6050000
6100000
6150000
6200000
6250000
6300000
6350000
6400000
6450000
6500000
6550000
6600000
6650000
6700000
6750000
6800000
6850000
6900000
6950000
7000000
7050000
7100000
7150000
7200000
7250000
7300000
7350000
7400000
7450000
7500000
7550000
7600000
7650000
7700000
7750000
7800000
7850000
7900000
7950000
8000000
8050000
8100000
8150000
8200000
8250000
8300000
8350000
8400000
8450000
8500000
8550000
8600000
8650000
8700000
8750000
8800000
8850000
8900000
8950000
9000000
9050000
9100000
9150000
9200000
9250000
9300000
9350000
9400000
9450000
9500000
9550000
9600000
9650000
9700000
9750000
9800000
9850000
9900000
9950000
10000000
10050000
10100000
10150000
10200000
10250000
10300000
10350000
10400000
10450000
10500000
10550000
10600000
10650000
10700000
10750000
10800000
10850000
10900000
10950000
11000000
11050000
11100000
11150000
11200000
11250000
11300000
11350000
11400000
11450000
11500000
11550000
11600000
11650000
11700000
11750000
11800000
11850000
11900000
11950000
12000000
12050000
12100000
12150000
12200000
12250000
12300000
12350000
12400000
12450000
12500000
12550000
12600000
12650000
12700000
12750000
12800000
12850000
12900000
12950000
13000000
13050000
13100000
13150000
13200000
13250000
13300000
13350000
13400000
13450000
13500000
13550000
13600000
13650000
13700000
13750000
13800000
13850000
13900000
13950000
14000000
14050000
14100000
14150000
14200000
14250000
14300000
14350000
14400000
14450000
14500000
14550000
14600000
14650000
14700000
14750000
14800000
14850000
14900000
14950000
15000000
15050000
15100000
15150000
15200000
15250000
15300000
15350000
15400000
15450000
15500000
15550000
15600000
15650000
15700000
15750000
15800000
15850000
15900000
15950000
16000000
16050000
16100000
16150000
16200000
16250000
16300000
16350000
16400000
16450000
16500000
16550000
16600000
16650000
16700000
16750000
16782728
50000
100000
150000
200000
250000
300000
350000
400000
450000
500000
550000
600000
650000
700000
750000
800000
850000
900000
950000
1000000
1050000
1100000
1150000
1200000
1250000
1300000
1350000
1400000
1450000
1500000
1550000
1600000
1650000
1700000
1750000
1800000
1850000
1900000
1950000
2000000
2050000
2100000
2150000
2200000
2250000
2300000
2350000
2400000
2450000
2500000
2550000
2600000
2650000
2700000
2750000
2800000
2850000
2900000
2950000
3000000
3050000
3100000
3150000
3200000
3250000
3300000
3350000
3400000
3450000
3500000
3550000
3600000
3650000
3700000
3750000
3800000
3850000
3900000
3950000
4000000
4050000
4100000
4150000
4200000
4250000
4300000
4350000
4400000
4450000
4500000
4550000
4600000
4650000
4700000
4750000
4800000
4850000
4900000
4950000
5000000
5050000
5100000
5150000
5200000
5250000
5300000
5350000
5400000
5450000
5500000
5550000
5600000
5650000
5700000
5750000
5800000
5850000
5900000
5950000
6000000
6050000
6100000
6150000
6200000
6250000
6300000
6350000
6400000
6450000
6500000
6550000
6600000
6650000
6700000
6750000
6800000
6850000
6900000
6950000
7000000
7050000
7100000
7150000
7200000
7250000
7300000
7350000
7400000
7450000
7500000
7550000
7600000
7650000
7700000
7750000
7800000
7850000
7900000
7950000
8000000
8050000
8100000
8150000
8200000
8250000
8300000
8350000
8400000
8450000
8500000
8550000
8600000
8650000
8700000
8750000
8800000
8850000
8900000
8950000
9000000
9050000
9100000
9150000
9200000
9250000
9300000
9350000
9400000
9450000
9500000
9550000
9600000
9650000
9700000
9750000
9800000
9850000
9900000
9950000
10000000
10050000
10100000
10150000
10200000
10250000
10300000
10350000
10400000
10450000
10500000
10550000
10600000
10650000
10700000
10750000
10800000
10850000
10900000
10950000
11000000
11050000
11100000
11150000
11200000
11250000
11300000
11350000
11400000
11450000
11500000
11550000
11600000
11650000
11700000
11750000
11800000
11850000
11900000
11950000
12000000
12050000
12100000
12150000
12200000
12250000
12300000
12350000
12400000
12450000
12500000
12550000
12600000
12650000
12700000
12750000
12800000
12850000
12900000
12950000
13000000
13050000
13100000
13150000
13200000
13250000
13300000
13350000
13400000
13450000
13500000
13550000
13600000
13650000
13700000
13750000
13800000
13850000
13900000
13950000
14000000
14050000
14100000
14150000
14200000
14250000
14300000
14350000
14400000
14450000
14500000
14524118
50000
100000
150000
200000
250000
300000
350000
400000
450000
500000
550000
600000
650000
700000
750000
800000
850000
900000
950000
1000000
1050000
1100000
1150000
1200000
1250000
1300000
1350000
1400000
1450000
1500000
1550000
1600000
1650000
1700000
1750000
1800000
1850000
1900000
1950000
2000000
2050000
2100000
2150000
2200000
2250000
2300000
2350000
2400000
2450000
2500000
2550000
2600000
2650000
2700000
2750000
2800000
2850000
2900000
2950000
3000000
3050000
3100000
3150000
3200000
3250000
3300000
3350000
3400000
3450000
3500000
3550000
3600000
3650000
3700000
3750000
3800000
3850000
3900000
3950000
4000000
4050000
4100000
4150000
4200000
4250000
4300000
4350000
4400000
4450000
4500000
4550000
4600000
4650000
4700000
4750000
4800000
4850000
4900000
4950000
5000000
5050000
5100000
5150000
5200000
5250000
5300000
5350000
5400000
5450000
5500000
5550000
5600000
5650000
5700000
5750000
5800000
5850000
5900000
5950000
6000000
6050000
6100000
6150000
6200000
6250000
6300000
6350000
6400000
6450000
6500000
6550000
6600000
6650000
6700000
6750000
6800000
6850000
6900000
6950000
7000000
7050000
7100000
7150000
7200000
7250000
7300000
7350000
7400000
7450000
7500000
7550000
7600000
7650000
7700000
7750000
7800000
7850000
7900000
7950000
8000000
8050000
8100000
8150000
8200000
8250000
8300000
8350000
8400000
8450000
8500000
8550000
8600000
8650000
8700000
8750000
8800000
8850000
8900000
8950000
9000000
9050000
9100000
9150000
9200000
9250000
9300000
9350000
9400000
9450000
9500000
9550000
9600000
9650000
9700000
9750000
9800000
9850000
9900000
9950000
10000000
10050000
10100000
10150000
10200000
10250000
10300000
10350000
10400000
10450000
10500000
10550000
10600000
10650000
10700000
10750000
10800000
10850000
10900000
10950000
11000000
11050000
11100000
11150000
11200000
11250000
11300000
11350000
11400000
11450000
11500000
11550000
11600000
11650000
11700000
11750000
11800000
11850000
11900000
11950000
12000000
12050000
12100000
12150000
12200000
12250000
12300000
12350000
12400000
12450000
12500000
12550000
12600000
12650000
12700000
12750000
12800000
12850000
12900000
12950000
13000000
13050000
13100000
13150000
13200000
13250000
13300000
13350000
13400000
13450000
13500000
13550000
13600000
13650000
13700000
13750000
13800000
13850000
13862723
50000
100000
150000
200000
250000
300000
350000
400000
450000
500000
550000
600000
650000
700000
750000
800000
850000
900000
950000
1000000
1050000
1100000
1150000
1200000
1250000
1300000
1350000
1400000
1450000
1500000
1550000
1600000
1650000
1700000
1750000
1800000
1850000
1900000
1950000
2000000
2050000
2100000
2150000
2200000
2250000
2300000
2350000
2400000
2450000
2500000
2550000
2600000
2650000
2700000
2750000
2800000
2850000
2900000
2950000
3000000
3050000
3100000
3150000
3200000
3250000
3300000
3350000
3400000
3450000
3500000
3550000
3600000
3650000
3700000
3750000
3800000
3850000
3900000
3950000
4000000
4050000
4100000
4150000
4200000
4250000
4300000
4350000
4400000
4450000
4500000
4550000
4600000
4650000
4700000
4750000
4800000
4850000
4900000
4950000
5000000
5050000
5100000
5150000
5200000
5250000
5300000
5350000
5400000
5450000
5500000
5550000
5600000
5650000
5700000
5750000
5800000
5850000
5900000
5950000
6000000
6050000
6100000
6150000
6200000
6250000
6300000
6350000
6400000
6450000
6500000
6550000
6600000
6650000
6700000
6750000
6800000
6850000
6900000
6950000
7000000
7050000
7100000
7150000
7200000
7250000
7300000
7350000
7400000
7450000
7500000
7550000
7600000
7650000
7700000
7750000
7800000
7850000
7900000
7950000
8000000
8050000
8100000
8150000
8200000
8250000
8300000
8350000
8400000
8450000
8500000
8550000
8600000
8650000
8700000
8750000
8800000
8850000
8900000
8950000
9000000
9050000
9100000
9150000
9200000
9250000
9300000
9350000
9400000
9450000
9500000
9550000
9600000
9650000
9700000
9750000
9800000
9850000
9900000
9950000
10000000
10050000
10100000
10150000
10200000
10250000
10300000
10350000
10400000
10450000
10500000
10550000
10600000
10650000
10700000
10750000
10800000
10850000
10900000
10950000
11000000
11050000
11100000
11150000
11200000
11250000
11300000
11350000
11400000
11450000
11500000
11550000
11600000
11650000
11700000
11750000
11800000
11850000
11900000
11950000
12000000
12050000
12100000
12150000
12200000
12250000
12300000
12350000
12400000
12450000
12500000
12550000
12600000
12650000
12700000
12750000
12800000
12850000
12900000
12950000
13000000
13050000
13100000
13150000
13200000
13250000
13300000
13350000
13400000
13450000
13500000
13520680
50000
100000
150000
200000
250000
300000
350000
400000
450000
500000
550000
600000
650000
700000
750000
800000
850000
900000
950000
1000000
1050000
1100000
1150000
1200000
1250000
1300000
1350000
1400000
1450000
1500000
1550000
1600000
1650000
1700000
1750000
1800000
1850000
1900000
1950000
2000000
2050000
2100000
2150000
2200000
2250000
2300000
2350000
2400000
2450000
2500000
2550000
2600000
2650000
2700000
2750000
2800000
2850000
2900000
2950000
3000000
3050000
3100000
3150000
3200000
3250000
3300000
3350000
3400000
3450000
3500000
3550000
3600000
3650000
3700000
3750000
3800000
3850000
3900000
3950000
4000000
4050000
4100000
4150000
4200000
4250000
4300000
4350000
4400000
4450000
4500000
4550000
4600000
4650000
4700000
4750000
4800000
4850000
4900000
4950000
5000000
5050000
5100000
5150000
5200000
5250000
5300000
5350000
5400000
5450000
5500000
5550000
5600000
5650000
5700000
5750000
5800000
5850000
5900000
5950000
6000000
6050000
6100000
6150000
6200000
6250000
6300000
6350000
6400000
6450000
6500000
6550000
6600000
6650000
6700000
6750000
6800000
6850000
6900000
6950000
7000000
7050000
7100000
7150000
7200000
7250000
7300000
7350000
7400000
7450000
7500000
7550000
7600000
7650000
7700000
7750000
7800000
7850000
7900000
7950000
8000000
8050000
8100000
8150000
8200000
8250000
8300000
8350000
8400000
8450000
8500000
8550000
8600000
8650000
8700000
8750000
8800000
8850000
8900000
8950000
9000000
9050000
9100000
9150000
9200000
9250000
9300000
9350000
9400000
9450000
9500000
9550000
9600000
9650000
9700000
9750000
9800000
9850000
9900000
9950000
10000000
10050000
10100000
10150000
10200000
10250000
10300000
10350000
10400000
10450000
10500000
10550000
10600000
10650000
10700000
10750000
10800000
10850000
10900000
10950000
11000000
11050000
11100000
11150000
11200000
11250000
11300000
11350000
11400000
11450000
11500000
11550000
11600000
11650000
11700000
11750000
11800000
11850000
11900000
11950000
12000000
12050000
12100000
12150000
12200000
12250000
12259695
50000
100000
150000
200000
250000
300000
350000
400000
450000
500000
550000
600000
650000
700000
750000
800000
850000
900000
950000
1000000
1050000
1100000
1150000
1200000
1250000
1300000
1350000
1400000
1450000
1500000
1550000
1600000
1650000
1700000
1750000
1800000
1850000
1900000
1950000
2000000
2050000
2100000
2150000
2200000
2250000
2300000
2350000
2400000
2450000
2500000
2550000
2600000
2650000
2700000
2750000
2800000
2850000
2900000
2950000
3000000
3050000
3100000
3150000
3200000
3250000
3300000
3350000
3400000
3450000
3500000
3550000
3600000
3650000
3700000
3750000
3800000
3850000
3900000
3950000
4000000
4050000
4100000
4150000
4200000
4250000
4300000
4350000
4400000
4450000
4500000
4550000
4600000
4650000
4700000
4750000
4800000
4850000
4900000
4950000
5000000
5050000
5100000
5150000
5200000
5250000
5300000
5350000
5400000
5450000
5500000
5550000
5600000
5650000
5700000
5750000
5800000
5850000
5900000
5950000
6000000
6050000
6100000
6150000
6200000
6250000
6300000
6350000
6400000
6450000
6500000
6550000
6600000
6650000
6700000
6750000
6800000
6850000
6900000
6950000
7000000
7050000
7100000
7150000
7200000
7250000
7300000
7350000
7400000
7450000
7500000
7550000
7600000
7650000
7700000
7750000
7800000
7850000
7900000
7950000
8000000
8050000
8100000
8150000
8200000
8250000
8300000
8350000
8400000
8450000
8500000
8550000
8600000
8650000
8700000
8750000
8800000
8850000
8900000
8950000
9000000
9050000
9100000
9150000
9200000
9250000
9300000
9350000
9400000
9450000
9500000
9550000
9600000
9650000
9700000
9750000
9800000
9850000
9900000
9950000
10000000
10050000
10100000
10150000
10200000
10250000
10300000
10350000
10400000
10450000
10500000
10550000
10600000
10650000
10700000
10750000
10800000
10850000
10900000
10950000
11000000
11050000
11100000
11150000
11200000
11250000
11300000
11350000
11400000
11450000
11500000
11520937
50000
100000
150000
200000
250000
300000
350000
400000
450000
500000
550000
600000
650000
700000
750000
800000
850000
900000
950000
1000000
1050000
1100000
1150000
1200000
1250000
1300000
1350000
1400000
1450000
1500000
1550000
1600000
1650000
1700000
1750000
1800000
1850000
1900000
1950000
2000000
2050000
2100000
2150000
2200000
2250000
2300000
2350000
2400000
2450000
2500000
2550000
2600000
2650000
2700000
2750000
2800000
2850000
2900000
2950000
3000000
3050000
3100000
3150000
3200000
3250000
3300000
3350000
3400000
3450000
3500000
3550000
3600000
3650000
3700000
3750000
3800000
3850000
3900000
3950000
4000000
4050000
4100000
4150000
4200000
4250000
4300000
4350000
4400000
4450000
4500000
4550000
4600000
4650000
4700000
4750000
4800000
4850000
4900000
4950000
5000000
5050000
5100000
5150000
5200000
5250000
5300000
5350000
5400000
5450000
5500000
5550000
5600000
5650000
5700000
5750000
5800000
5850000
5900000
5950000
6000000
6050000
6100000
6150000
6200000
6250000
6300000
6350000
6400000
6450000
6500000
6550000
6600000
6650000
6700000
6750000
6800000
6850000
6900000
6950000
7000000
7050000
7100000
7150000
7200000
7250000
7300000
7350000
7400000
7450000
7500000
7550000
7600000
7650000
7700000
7750000
7800000
7850000
7900000
7950000
8000000
8050000
8100000
8150000
8200000
8250000
8300000
8350000
8400000
8450000
8500000
8550000
8600000
8650000
8700000
8750000
8800000
8850000
8900000
8950000
9000000
9050000
9100000
9150000
9200000
9250000
9300000
9350000
9400000
9450000
9500000
9550000
9600000
9650000
9700000
9750000
9800000
9850000
9900000
9950000
10000000
10050000
10100000
10150000
10200000
10250000
10300000
10350000
10400000
10450000
10500000
10550000
10600000
10650000
10700000
10750000
10800000
10802412
50000
100000
150000
200000
250000
300000
350000
400000
450000
500000
550000
600000
650000
700000
750000
800000
850000
900000
950000
1000000
1050000
1100000
1150000
1200000
1250000
1300000
1350000
1400000
1450000
1500000
1550000
1600000
1650000
1700000
1750000
1800000
1850000
1900000
1950000
2000000
2050000
2100000
2150000
2200000
2250000
2300000
2350000
2400000
2450000
2500000
2550000
2600000
2650000
2700000
2750000
2800000
2850000
2900000
2950000
3000000
3050000
3100000
3150000
3200000
3250000
3300000
3350000
3400000
3450000
3500000
3550000
3600000
3650000
3700000
3750000
3800000
3850000
3900000
3950000
4000000
4050000
4100000
4150000
4200000
4250000
4300000
4350000
4400000
4450000
4500000
4550000
4600000
4650000
4700000
4750000
4800000
4850000
4900000
4950000
5000000
5050000
5100000
5150000
5200000
5250000
5300000
5350000
5400000
5450000
5500000
5550000
5600000
5650000
5700000
5750000
5800000
5850000
5900000
5950000
6000000
6050000
6100000
6150000
6200000
6250000
6300000
6350000
6400000
6450000
6500000
6550000
6600000
6650000
6700000
6750000
6800000
6850000
6900000
6950000
7000000
7050000
7100000
7150000
7200000
7250000
7300000
7350000
7400000
7450000
7500000
7550000
7600000
7650000
7700000
7750000
7800000
7850000
7900000
7950000
8000000
8050000
8100000
8150000
8200000
8250000
8300000
8350000
8400000
8450000
8500000
8550000
8600000
8650000
8700000
8750000
8800000
8850000
8900000
8950000
9000000
9050000
9100000
9150000
9200000
9250000
9300000
9350000
9400000
9450000
9500000
9550000
9600000
9650000
9700000
9750000
9800000
9850000
9900000
9950000
10000000
10050000
10100000
10150000
10200000
10250000
10300000
10350000
10362039
50000
100000
150000
200000
250000
300000
350000
400000
450000
500000
550000
600000
650000
700000
750000
800000
850000
900000
950000
1000000
1050000
1100000
1150000
1200000
1250000
1300000
1350000
1400000
1450000
1500000
1550000
1600000
1650000
1700000
1750000
1800000
1850000
1900000
1950000
2000000
2050000
2100000
2150000
2200000
2250000
2300000
2350000
2400000
2450000
2500000
2550000
2600000
2650000
2700000
2750000
2800000
2850000
2900000
2950000
3000000
3050000
3100000
3150000
3200000
3250000
3300000
3350000
3400000
3450000
3500000
3550000
3600000
3650000
3700000
3750000
3800000
3850000
3900000
3950000
4000000
4050000
4100000
4150000
4200000
4250000
4300000
4350000
4400000
4450000
4500000
4550000
4600000
4650000
4700000
4750000
4800000
4850000
4900000
4950000
5000000
5050000
5100000
5150000
5200000
5250000
5300000
5350000
5400000
5450000
5500000
5550000
5600000
5650000
5700000
5750000
5800000
5850000
5900000
5950000
6000000
6050000
6100000
6150000
6200000
6250000
6300000
6350000
6400000
6450000
6500000
6550000
6600000
6650000
6700000
6750000
6800000
6850000
6900000
6950000
7000000
7050000
7100000
7150000
7200000
7250000
7300000
7350000
7400000
7450000
7500000
7550000
7600000
7650000
7700000
7750000
7800000
7850000
7900000
7950000
8000000
8050000
8100000
8150000
8200000
8250000
8300000
8350000
8400000
8450000
8500000
8550000
8600000
8650000
8700000
8750000
8800000
8850000
8900000
8950000
9000000
9050000
9100000
9150000
9200000
9250000
9300000
9350000
9400000
9450000
9500000
9550000
9600000
9650000
9700000
9750000
9800000
9850000
9900000
9950000
10000000
10050000
10100000
10150000
10200000
10250000
10300000
10348737
50000
100000
150000
200000
250000
300000
350000
400000
450000
500000
550000
600000
650000
700000
750000
800000
850000
900000
950000
1000000
1050000
1100000
1150000
1200000
1250000
1300000
1350000
1400000
1450000
1500000
1550000
1600000
1650000
1700000
1750000
1800000
1850000
1900000
1950000
2000000
2050000
2100000
2150000
2200000
2250000
2300000
2350000
2400000
2450000
2500000
2550000
2600000
2650000
2700000
2750000
2800000
2850000
2900000
2950000
3000000
3050000
3100000
3150000
3200000
3250000
3300000
3350000
3400000
3450000
3500000
3550000
3600000
3650000
3700000
3750000
3800000
3850000
3900000
3950000
4000000
4050000
4100000
4150000
4200000
4250000
4300000
4350000
4400000
4450000
4500000
4550000
4600000
4650000
4700000
4750000
4800000
4850000
4900000
4950000
5000000
5050000
5100000
5150000
5200000
5250000
5300000
5350000
5400000
5450000
5500000
5550000
5600000
5650000
5700000
5750000
5800000
5850000
5900000
5950000
6000000
6050000
6100000
6150000
6200000
6250000
6300000
6350000
6400000
6450000
6500000
6550000
6600000
6650000
6700000
6750000
6800000
6850000
6900000
6950000
7000000
7050000
7100000
7150000
7200000
7250000
7300000
7350000
7400000
7450000
7500000
7550000
7600000
7650000
7700000
7750000
7800000
7850000
7900000
7950000
8000000
8050000
8100000
8150000
8200000
8250000
8300000
8350000
8400000
8450000
8500000
8550000
8600000
8650000
8700000
8750000
8800000
8850000
8900000
8950000
9000000
9050000
9100000
9150000
9200000
9250000
9300000
9350000
9400000
9450000
9500000
9550000
9600000
9650000
9700000
9750000
9800000
9850000
9900000
9950000
10000000
10050000
10100000
10150000
10200000
10250000
10263716
50000
100000
150000
200000
250000
300000
350000
400000
450000
500000
550000
600000
650000
700000
750000
800000
850000
900000
950000
1000000
1050000
1100000
1150000
1200000
1250000
1300000
1350000
1400000
1450000
1500000
1550000
1600000
1650000
1700000
1750000
1800000
1850000
1900000
1950000
2000000
2050000
2100000
2150000
2200000
2250000
2300000
2350000
2400000
2450000
2500000
2550000
2600000
2650000
2700000
2750000
2800000
2850000
2900000
2950000
3000000
3050000
3100000
3150000
3200000
3250000
3300000
3350000
3400000
3450000
3500000
3550000
3600000
3650000
3700000
3750000
3800000
3850000
3900000
3950000
4000000
4050000
4100000
4150000
4200000
4250000
4300000
4350000
4400000
4450000
4500000
4550000
4600000
4650000
4700000
4750000
4800000
4850000
4900000
4950000
5000000
5050000
5100000
5150000
5200000
5250000
5300000
5350000
5400000
5450000
5500000
5550000
5600000
5650000
5700000
5750000
5800000
5850000
5900000
5950000
6000000
6050000
6100000
6150000
6200000
6250000
6300000
6350000
6400000
6450000
6500000
6550000
6600000
6650000
6700000
6750000
6800000
6850000
6900000
6950000
7000000
7050000
7100000
7150000
7200000
7250000
7300000
7350000
7400000
7450000
7500000
7550000
7600000
7650000
7700000
7750000
7800000
7850000
7900000
7950000
8000000
8050000
8100000
8150000
8200000
8250000
8300000
8350000
8400000
8450000
8500000
8550000
8600000
8650000
8700000
8750000
8800000
8850000
8900000
8950000
9000000
9050000
9100000
9150000
9200000
9250000
9300000
9350000
9391557
50000
100000
150000
200000
250000
300000
350000
400000
450000
500000
550000
600000
650000
700000
750000
800000
850000
900000
950000
1000000
1050000
1100000
1150000
1200000
1250000
1300000
1350000
1400000
1450000
1500000
1550000
1600000
1650000
1700000
1750000
1800000
1850000
1900000
1950000
2000000
2050000
2100000
2150000
2200000
2250000
2300000
2350000
2400000
2450000
2500000
2550000
2600000
2650000
2700000
2750000
2800000
2850000
2900000
2950000
3000000
3050000
3100000
3150000
3200000
3250000
3300000
3350000
3400000
3450000
3500000
3550000
3600000
3650000
3700000
3750000
3800000
3850000
3900000
3950000
4000000
4050000
4100000
4150000
4200000
4250000
4300000
4350000
4400000
4450000
4500000
4550000
4600000
4650000
4700000
4750000
4800000
4850000
4900000
4950000
5000000
5050000
5100000
5150000
5200000
5250000
5300000
5350000
5400000
5450000
5500000
5550000
5600000
5650000
5700000
5750000
5800000
5850000
5900000
5950000
6000000
6050000
6100000
6150000
6200000
6250000
6300000
6350000
6400000
6450000
6500000
6550000
6600000
6650000
6700000
6750000
6800000
6850000
6900000
6950000
7000000
7050000
7100000
7150000
7200000
7250000
7300000
7350000
7400000
7450000
7500000
7550000
7600000
7650000
7700000
7750000
7800000
7850000
7900000
7950000
8000000
8050000
8100000
8150000
8200000
8250000
8300000
8350000
8400000
8450000
8480215
50000
100000
150000
200000
250000
300000
350000
400000
450000
500000
550000
600000
650000
700000
750000
800000
850000
900000
950000
1000000
1050000
1100000
1150000
1200000
1250000
1300000
1350000
1400000
1450000
1500000
1550000
1600000
1650000
1700000
1750000
1800000
1850000
1900000
1950000
2000000
2050000
2100000
2150000
2200000
2250000
2300000
2350000
2400000
2450000
2500000
2550000
2600000
2650000
2700000
2750000
2800000
2850000
2900000
2950000
3000000
3050000
3100000
3150000
3200000
3250000
3300000
3350000
3400000
3450000
3500000
3550000
3600000
3650000
3700000
3750000
3800000
3850000
3900000
3950000
4000000
4050000
4100000
4150000
4200000
4250000
4300000
4350000
4400000
4450000
4500000
4550000
4600000
4650000
4700000
4750000
4800000
4850000
4900000
4950000
5000000
5050000
5100000
5150000
5200000
5250000
5300000
5350000
5400000
5450000
5500000
5550000
5600000
5650000
5700000
5750000
5800000
5850000
5900000
5950000
6000000
6050000
6100000
6150000
6200000
6250000
6300000
6350000
6400000
6450000
6500000
6550000
6600000
6650000
6700000
6750000
6800000
6850000
6900000
6950000
7000000
7050000
7100000
7150000
7200000
7250000
7300000
7350000
7400000
7450000
7500000
7550000
7600000
7650000
7700000
7750000
7800000
7850000
7900000
7950000
8000000
8050000
8098418
50000
100000
150000
200000
250000
300000
350000
400000
450000
500000
550000
600000
650000
700000
750000
800000
850000
900000
950000
1000000
1050000
1100000
1150000
1200000
1250000
1300000
1350000
1400000
1450000
1500000
1550000
1600000
1650000
1700000
1750000
1800000
1850000
1900000
1950000
2000000
2050000
2100000
2150000
2200000
2250000
2300000
2350000
2400000
2450000
2500000
2550000
2600000
2650000
2700000
2750000
2800000
2850000
2900000
2950000
3000000
3050000
3100000
3150000
3200000
3250000
3300000
3350000
3400000
3450000
3500000
3550000
3600000
3650000
3700000
3750000
3800000
3850000
3900000
3950000
4000000
4050000
4100000
4150000
4200000
4250000
4300000
4350000
4400000
4450000
4500000
4550000
4600000
4650000
4700000
4750000
4800000
4850000
4900000
4950000
5000000
5050000
5100000
5150000
5200000
5250000
5300000
5350000
5400000
5450000
5500000
5550000
5600000
5650000
5700000
5750000
5800000
5850000
5900000
5950000
6000000
6050000
6100000
6150000
6200000
6250000
6300000
6350000
6400000
6450000
6500000
6550000
6600000
6650000
6700000
6750000
6800000
6850000
6900000
6950000
7000000
7050000
7100000
7150000
7200000
7250000
7300000
7350000
7400000
7450000
7500000
7550000
7600000
7650000
7700000
7750000
7800000
7850000
7900000
7950000
8000000
8050000
8070018
50000
100000
150000
200000
250000
300000
350000
400000
450000
500000
550000
600000
650000
700000
750000
800000
850000
900000
950000
1000000
1050000
1100000
1150000
1200000
1250000
1300000
1350000
1400000
1450000
1500000
1550000
1600000
1650000
1700000
1750000
1800000
1850000
1900000
1950000
2000000
2050000
2100000
2150000
2200000
2250000
2300000
2350000
2400000
2450000
2500000
2550000
2600000
2650000
2700000
2750000
2800000
2850000
2900000
2950000
3000000
3050000
3100000
3150000
3200000
3250000
3300000
3350000
3400000
3450000
3500000
3550000
3600000
3650000
3700000
3750000
3800000
3850000
3900000
3950000
4000000
4050000
4100000
4150000
4200000
4250000
4300000
4350000
4400000
4450000
4500000
4550000
4600000
4650000
4700000
4750000
4800000
4850000
4900000
4950000
5000000
5050000
5100000
5150000
5200000
5250000
5300000
5350000
5400000
5450000
5500000
5550000
5600000
5650000
5700000
5750000
5800000
5850000
5900000
5950000
6000000
6050000
6100000
6150000
6200000
6250000
6300000
6350000
6400000
6450000
6500000
6550000
6600000
6650000
6700000
6750000
6800000
6850000
6900000
6950000
7000000
7050000
7100000
7150000
7200000
7250000
7300000
7350000
7400000
7450000
7500000
7550000
7600000
7650000
7700000
7750000
7800000
7850000
7900000
7950000
8000000
8023118
50000
100000
150000
200000
250000
300000
350000
400000
450000
500000
550000
600000
650000
700000
750000
800000
850000
900000
950000
1000000
1050000
1100000
1150000
1200000
1250000
1300000
1350000
1400000
1450000
1500000
1550000
1600000
1650000
1700000
1750000
1800000
1850000
1900000
1950000
2000000
2050000
2100000
2150000
2200000
2250000
2300000
2350000
2400000
2450000
2500000
2550000
2600000
2650000
2700000
2750000
2800000
2850000
2900000
2950000
3000000
3050000
3100000
3150000
3200000
3250000
3300000
3350000
3400000
3450000
3500000
3550000
3600000
3650000
3700000
3750000
3800000
3850000
3900000
3950000
4000000
4050000
4100000
4150000
4200000
4250000
4300000
4350000
4400000
4450000
4500000
4550000
4600000
4650000
4700000
4750000
4800000
4850000
4900000
4950000
5000000
5050000
5100000
5150000
5200000
5250000
5300000
5350000
5400000
5450000
5500000
5550000
5600000
5650000
5700000
5750000
5800000
5850000
5900000
5950000
6000000
6050000
6100000
6150000
6200000
6250000
6300000
6350000
6400000
6450000
6500000
6550000
6600000
6650000
6700000
6750000
6800000
6850000
6900000
6950000
7000000
7050000
7100000
7150000
7200000
7250000
7300000
7350000
7400000
7450000
7500000
7550000
7600000
7650000
7700000
7750000
7800000
7850000
7900000
7950000
7958427
50000
100000
150000
200000
250000
300000
350000
400000
450000
500000
550000
600000
650000
700000
750000
800000
850000
900000
950000
1000000
1050000
1100000
1150000
1200000
1250000
1300000
1350000
1400000
1450000
1500000
1550000
1600000
1650000
1700000
1750000
1800000
1850000
1900000
1950000
2000000
2050000
2100000
2150000
2200000
2250000
2300000
2350000
2400000
2450000
2500000
2550000
2600000
2650000
2700000
2750000
2800000
2850000
2900000
2950000
3000000
3050000
3100000
3150000
3200000
3250000
3300000
3350000
3400000
3450000
3500000
3550000
3600000
3650000
3700000
3750000
3800000
3850000
3900000
3950000
4000000
4050000
4100000
4150000
4200000
4250000
4300000
4350000
4400000
4450000
4500000
4550000
4600000
4650000
4700000
4750000
4800000
4850000
4900000
4950000
5000000
5050000
5100000
5150000
5200000
5250000
5300000
5350000
5400000
5450000
5500000
5550000
5600000
5650000
5700000
5750000
5800000
5850000
5900000
5950000
6000000
6050000
6100000
6150000
6200000
6250000
6300000
6350000
6400000
6450000
6500000
6550000
6600000
6650000
6700000
6750000
6800000
6850000
6900000
6950000
7000000
7050000
7100000
7150000
7200000
7250000
7300000
7350000
7400000
7450000
7500000
7550000
7600000
7650000
7700000
7742034
50000
100000
150000
200000
250000
300000
350000
400000
450000
500000
550000
600000
650000
700000
750000
800000
850000
900000
950000
1000000
1050000
1100000
1150000
1200000
1250000
1300000
1350000
1400000
1450000
1500000
1550000
1600000
1650000
1700000
1750000
1800000
1850000
1900000
1950000
2000000
2050000
2100000
2150000
2200000
2250000
2300000
2350000
2400000
2450000
2500000
2550000
2600000
2650000
2700000
2750000
2800000
2850000
2900000
2950000
3000000
3050000
3100000
3150000
3200000
3250000
3300000
3350000
3400000
3450000
3500000
3550000
3600000
3650000
3700000
3750000
3800000
3850000
3900000
3950000
4000000
4050000
4100000
4150000
4200000
4250000
4300000
4350000
4400000
4450000
4500000
4550000
4600000
4650000
4700000
4750000
4800000
4850000
4900000
4950000
5000000
5050000
5100000
5150000
5200000
5250000
5300000
5350000
5400000
5450000
5500000
5550000
5600000
5650000
5700000
5750000
5800000
5850000
5900000
5950000
6000000
6050000
6100000
6150000
6200000
6250000
6300000
6350000
6400000
6450000
6500000
6550000
6600000
6650000
6700000
6750000
6800000
6850000
6900000
6950000
7000000
7050000
7100000
7150000
7200000
7250000
7300000
7350000
7400000
7422414
50000
100000
150000
200000
250000
300000
350000
400000
450000
500000
550000
600000
650000
700000
750000
800000
850000
900000
950000
1000000
1050000
1100000
1150000
1200000
1250000
1300000
1350000
1400000
1450000
1500000
1550000
1600000
1650000
1700000
1750000
1800000
1850000
1900000
1950000
2000000
2050000
2100000
2150000
2200000
2250000
2300000
2350000
2400000
2450000
2500000
2550000
2600000
2650000
2700000
2750000
2800000
2850000
2900000
2950000
3000000
3050000
3100000
3150000
3200000
3250000
3300000
3350000
3400000
3450000
3500000
3550000
3600000
3650000
3700000
3750000
3800000
3850000
3900000
3950000
4000000
4050000
4100000
4150000
4200000
4250000
4300000
4350000
4400000
4450000
4500000
4550000
4600000
4650000
4700000
4750000
4800000
4850000
4900000
4950000
5000000
5050000
5100000
5150000
5200000
5250000
5300000
5350000
5400000
5450000
5500000
5550000
5600000
5650000
5700000
5750000
5800000
5850000
5900000
5950000
6000000
6050000
6100000
6150000
6200000
6250000
6300000
6350000
6400000
6450000
6500000
6550000
6600000
6650000
6693095
50000
100000
150000
200000
250000
300000
350000
400000
450000
500000
550000
600000
650000
700000
750000
800000
850000
900000
950000
1000000
1050000
1100000
1150000
1200000
1250000
1300000
1350000
1400000
1450000
1500000
1550000
1600000
1650000
1700000
1750000
1800000
1850000
1900000
1950000
2000000
2050000
2100000
2150000
2200000
2250000
2300000
2350000
2400000
2450000
2500000
2550000
2600000
2650000
2700000
2750000
2800000
2850000
2900000
2950000
3000000
3050000
3100000
3150000
3200000
3250000
3300000
3350000
3400000
3450000
3500000
3550000
3600000
3650000
3700000
3750000
3800000
3850000
3900000
3950000
4000000
4050000
4100000
4150000
4200000
4250000
4300000
4350000
4400000
4450000
4500000
4550000
4600000
4650000
4700000
4750000
4800000
4850000
4900000
4950000
5000000
5050000
5100000
5150000
5200000
5250000
5300000
5350000
5400000
5450000
5500000
5550000
5600000
5650000
5700000
5715634
50000
100000
150000
200000
250000
300000
350000
400000
450000
500000
550000
600000
650000
700000
750000
800000
850000
900000
950000
1000000
1050000
1100000
1150000
1200000
1250000
1300000
1350000
1400000
1450000
1500000
1550000
1600000
1650000
1700000
1750000
1800000
1850000
1900000
1950000
2000000
2050000
2100000
2150000
2200000
2250000
2300000
2350000
2400000
2450000
2500000
2550000
2600000
2650000
2700000
2750000
2800000
2850000
2900000
2950000
3000000
3050000
3100000
3150000
3200000
3250000
3300000
3350000
3400000
3450000
3500000
3550000
3600000
3650000
3700000
3750000
3800000
3850000
3900000
3950000
4000000
4050000
4100000
4150000
4200000
4250000
4300000
4350000
4400000
4450000
4500000
4550000
4600000
4650000
4700000
4750000
4800000
4850000
4900000
4950000
5000000
5050000
5100000
5150000
5200000
5250000
5300000
5350000
5364204
50000
100000
150000
200000
250000
300000
350000
400000
450000
500000
550000
600000
650000
700000
750000
800000
850000
900000
950000
1000000
1050000
1100000
1150000
1200000
1250000
1300000
1350000
1400000
1450000
1500000
1550000
1600000
1650000
1700000
1750000
1800000
1850000
1900000
1950000
2000000
2050000
2100000
2150000
2200000
2250000
2300000
2350000
2400000
2450000
2500000
2550000
2600000
2650000
2700000
2750000
2800000
2850000
2900000
2950000
3000000
3050000
3100000
3150000
3200000
3250000
3300000
3350000
3400000
3450000
3500000
3550000
3600000
3650000
3700000
3750000
3800000
3850000
3900000
3950000
4000000
4050000
4100000
4150000
4200000
4250000
4300000
4350000
4400000
4450000
4500000
4550000
4600000
4650000
4700000
4750000
4800000
4850000
4900000
4950000
5000000
5050000
5100000
5150000
5200000
5250000
5300000
5305175
50000
100000
150000
200000
250000
300000
350000
400000
450000
500000
550000
600000
650000
700000
750000
800000
850000
900000
950000
1000000
1050000
1100000
1150000
1200000
1250000
1300000
1350000
1400000
1450000
1500000
1550000
1600000
1650000
1700000
1750000
1800000
1850000
1900000
1950000
2000000
2050000
2100000
2150000
2200000
2250000
2300000
2350000
2400000
2450000
2500000
2550000
2600000
2650000
2700000
2750000
2800000
2850000
2900000
2950000
3000000
3050000
3100000
3150000
3200000
3250000
3300000
3350000
3400000
3450000
3500000
3550000
3600000
3650000
3700000
3750000
3800000
3850000
3900000
3950000
4000000
4050000
4100000
4150000
4200000
4250000
4300000
4301720
50000
100000
150000
200000
250000
300000
350000
400000
450000
500000
550000
600000
650000
700000
750000
800000
850000
900000
950000
1000000
1050000
1100000
1150000
1200000
1250000
1300000
1350000
1400000
1450000
1500000
1550000
1600000
1650000
1700000
1750000
1800000
1850000
1900000
1950000
2000000
2050000
2100000
2150000
2200000
2250000
2300000
2350000
2400000
2450000
2500000
2550000
2600000
2650000
2700000
2750000
2800000
2850000
2900000
2950000
3000000
3050000
3100000
3150000
3200000
3250000
3300000
3350000
3400000
3450000
3500000
3550000
3600000
3650000
3700000
3750000
3800000
3850000
3900000
3950000
4000000
4050000
4100000
4150000
4200000
4245839
50000
100000
150000
200000
250000
300000
350000
400000
450000
500000
550000
600000
650000
700000
750000
800000
850000
900000
950000
1000000
1050000
1100000
1150000
1200000
1250000
1300000
1350000
1400000
1450000
1500000
1550000
1600000
1650000
1700000
1750000
1800000
1850000
1900000
1950000
2000000
2050000
2100000
2150000
2200000
2250000
2300000
2350000
2400000
2450000
2500000
2550000
2600000
2650000
2700000
2750000
2800000
2850000
2900000
2950000
3000000
3050000
3100000
3150000
3200000
3250000
3300000
3350000
3400000
3450000
3500000
3550000
3600000
3650000
3700000
3719929
50000
100000
150000
200000
250000
300000
350000
400000
450000
500000
550000
600000
650000
700000
750000
800000
850000
900000
950000
1000000
1050000
1100000
1150000
1200000
1250000
1300000
1350000
1400000
1450000
1500000
1550000
1600000
1650000
1700000
1750000
1800000
1850000
1900000
1950000
2000000
2050000
2100000
2150000
2200000
2250000
2300000
2350000
2400000
2450000
2500000
2550000
2600000
2650000
2700000
2750000
2800000
2850000
2900000
2950000
3000000
3050000
3100000
3150000
3200000
3250000
3300000
3350000
3400000
3450000
3500000
3550000
3582990
50000
100000
150000
200000
250000
300000
350000
400000
450000
500000
550000
600000
650000
700000
750000
800000
850000
900000
950000
1000000
1050000
1100000
1150000
1200000
1250000
1300000
1350000
1400000
1450000
1500000
1550000
1600000
1650000
1700000
1750000
1800000
1850000
1900000
1950000
2000000
2050000
2100000
2150000
2200000
2250000
2300000
2350000
2400000
2450000
2500000
2550000
2600000
2650000
2700000
2750000
2800000
2850000
2900000
2950000
3000000
3050000
3100000
3150000
3190321
50000
100000
150000
200000
250000
300000
350000
400000
450000
500000
550000
600000
650000
700000
750000
800000
850000
900000
950000
1000000
1050000
1100000
1150000
1200000
1250000
1300000
1350000
1400000
1450000
1500000
1550000
1600000
1650000
1700000
1750000
1800000
1850000
1900000
1950000
2000000
2050000
2100000
2150000
2200000
2250000
2300000
2350000
2400000
2450000
2500000
2550000
2600000
2650000
2700000
2750000
2800000
2850000
2883243
50000
100000
150000
200000
237939
50000
100000
150000
200000
234693
50000
100000
150000
200000
228159
50000
100000
150000
200000
218374
50000
100000
150000
200000
217394
50000
100000
150000
200000
217247
50000
100000
150000
200000
210432
50000
100000
150000
200000
200037
50000
100000
150000
198587
50000
100000
150000
193360
50000
100000
150000
185886
50000
100000
150000
185026
50000
100000
150000
174205
50000
100000
150000
164202
50000
100000
150000
153314
50000
100000
142975
50000
100000
131920
50000
100000
130683
50000
100000
112764
50000
100000
102516
50000
99458
50000
96087
50000
91731
50000
87961
50000
80068
50000
75000
50000
74450
50000
73890
50000
73140
50000
69053
50000
66694
50000
64818
50000
63804
50000
62787
50000
60980
50000
60273
50000
59633
50000
58464
50000
58300
50000
57746
50000
56602
50000
55475
50000
54668
50000
54546
50000
54455
50000
54196
50000
53439
50000
52265
50000
52038
50000
50000
50000
50000
49912
49632
48982
48709
48096
47908
47089
47058
47026
46828
46791
46727
46717
46595
46259
46137
45977
45938
45413
45348
45042
44947
44810
44720
43988
43931
43303
43027
43006
42987
42824
42635
42422
41581
41501
41353
41262
41105
40895
40859
40659
40442
40323
40170
40084
40042
40012
39987
39767
39734
39727
39583
39567
39165
38981
38858
38843
38800
38770
38641
38561
38430
38329
38309
38125
38083
38062
37939
37735
37625
37579
37505
37211
37167
37089
36898
36838
36777
36653
36584
36494
36394
36344
36308
36257
36214
36202
36164
36101
36081
36035
36005
35969
35739
35712
35564
35488
35352
35135
34934
34870
34830
34716
34626
34461
34440
34177
34070
34001
33982
33971
33963
33930
33880
33769
33658
33592
33468
33111
32541
32468
32296
32223
32163
32123
32015
32009
31997
31847
31840
31799
31738
31719
31579
31507
31459
31377
31353
31211
31173
31117
31089
31074
31060
31024
30936
30899
30738
30724
30684
30653
30609
30537
30461
30384
30357
30324
30251
30140
30105
30099
30094
30090
30081
30037
30012
29960
29928
29842
29835
29811
29788
29771
29697
29686
29623
29574
29543
29510
29509
29500
29496
29455
29453
29363
29329
29305
29300
29230
29114
29114
29084
29030
28988
28963
28952
28952
28892
28859
28856
28848
28809
28781
28609
28579
28558
28556
28551
28548
28496
28411
28340
28318
28272
28245
28184
28174
28173
28144
28089
28066
28054
27858
27857
27779
27750
27715
27697
27667
27576
27573
27567
27553
27501
27494
27490
27490
27256
27247
27217
27215
27201
27178
27175
27079
27036
27032
26991
26965
26847
26836
26780
26678
26565
26481
26457
26446
26440
26409
26405
26403
26391
26391
26376
26306
26300
26283
26205
26201
26186
26172
26169
26151
26105
26094
26073
26062
26032
25995
25929
25927
25900
25837
25817
25767
25763
25738
25736
25718
25665
25644
25603
25589
25583
25579
25543
25513
25494
25493
25403
25393
25313
25278
25250
25196
25146
25144
25085
25063
25045
25040
25000
25000
25000
25000
25000
25000
25000
25000
25000
25000
25000
25000
25000
25000
25000
25000
25000
25000
25000
25000
25000
25000
25000
25000
25000
25000
25000
25000
25000
25000
24995
24967
24919
24914
24906
24893
24874
24860
24855
24854
24837
24819
24791
24776
24770
24757
24756
24743
24722
24714
24679
24664
24653
24624
24591
24572
24565
24537
24485
24477
24474
24415
24413
24381
24371
24363
24332
24330
24310
24209
24196
24192
24184
24139
24127
24103
24099
24084
24080
24051
24032
23966
23965
23934
23908
23904
23877
23864
23852
23852
23828
23806
23793
23789
23754
23750
23738
23732
23706
23706
23698
23692
23646
23642
23635
23595
23583
23556
23501
23496
23454
23418
23416
23414
23406
23400
23349
23341
23308
23295
23265
23263
23256
23199
23177
23177
23158
23142
23114
23107
23075
23048
23027
23015
22974
22964
22937
22913
22892
22872
22865
22804
22796
22738
22713
22703
22633
22604
22541
22538
22528
22510
22506
22485
22454
22454
22435
22421
22386
22370
22353
22333
22305
22220
22215
22212
22175
22131
22131
22123
22123
22103
22068
22040
22033
22012
21984
21961
21881
21846
21831
21815
21811
21736
21736
21735
21699
21693
21680
21646
21639
21628
21593
21567
21566
21564
21509
21507
21503
21486
21457
21441
21414
21412
21377
21362
21354
21333
21305
21295
21286
21282
21278
21266
21248
21234
21227
21221
21209
21206
21131
21112
21092
21084
21079
21077
21062
21061
21053
21050
21025
21017
21009
20997
20994
20976
20950
20931
20927
20927
20899
20881
20871
20831
20827
20810
20805
20798
20797
20761
20755
20726
20717
20701
20680
20666
20656
20645
20641
20640
20635
20630
20629
20626
20600
20550
20522
20491
20487
20476
20472
20471
20453
20429
20417
20414
20413
20411
20403
20400
20390
20372
20371
20344
20340
20324
20315
20312
20288
20285
20262
20251
20241
20211
20185
20182
20152
20050
20012
20005
1
1
1
1
1
