1
50001
100001
150001
200001
250001
300001
350001
400001
450001
500001
550001
600001
650001
700001
750001
800001
850001
900001
950001
1000001
1050001
1100001
1150001
1200001
1250001
1300001
1350001
1400001
1450001
1500001
1550001
1600001
1650001
1700001
1750001
1800001
1850001
1900001
1950001
2000001
2050001
2100001
2150001
2200001
2250001
2300001
2350001
2400001
2450001
2500001
2550001
2600001
2650001
2700001
2750001
2800001
2850001
2900001
2950001
3000001
3050001
3100001
3150001
3200001
3250001
3300001
3350001
3400001
3450001
3500001
3550001
3600001
3650001
3700001
3750001
3800001
3850001
3900001
3950001
4000001
4050001
4100001
4150001
4200001
4250001
4300001
4350001
4400001
4450001
4500001
4550001
4600001
4650001
4700001
4750001
4800001
4850001
4900001
4950001
5000001
5050001
5100001
5150001
5200001
5250001
5300001
5350001
5400001
5450001
5500001
5550001
5600001
5650001
5700001
5750001
5800001
5850001
5900001
5950001
6000001
6050001
6100001
6150001
6200001
6250001
6300001
6350001
6400001
6450001
6500001
6550001
6600001
6650001
6700001
6750001
6800001
6850001
6900001
6950001
7000001
7050001
7100001
7150001
7200001
7250001
7300001
7350001
7400001
7450001
7500001
7550001
7600001
7650001
7700001
7750001
7800001
7850001
7900001
7950001
8000001
8050001
8100001
8150001
8200001
8250001
8300001
8350001
8400001
8450001
8500001
8550001
8600001
8650001
8700001
8750001
8800001
8850001
8900001
8950001
9000001
9050001
9100001
9150001
9200001
9250001
9300001
9350001
9400001
9450001
9500001
9550001
9600001
9650001
9700001
9750001
9800001
9850001
9900001
9950001
10000001
10050001
10100001
10150001
10200001
10250001
10300001
10350001
10400001
10450001
10500001
10550001
10600001
10650001
10700001
10750001
10800001
10850001
10900001
10950001
11000001
11050001
11100001
11150001
11200001
11250001
11300001
11350001
11400001
11450001
11500001
11550001
11600001
11650001
11700001
11750001
11800001
11850001
11900001
11950001
12000001
12050001
12100001
12150001
12200001
12250001
12300001
12350001
12400001
12450001
12500001
12550001
12600001
12650001
12700001
12750001
12800001
12850001
12900001
12950001
13000001
13050001
13100001
13150001
13200001
13250001
13300001
13350001
13400001
13450001
13500001
13550001
13600001
13650001
13700001
13750001
13800001
13850001
13900001
13950001
14000001
14050001
14100001
14150001
14200001
14250001
14300001
14350001
14400001
14450001
14500001
14550001
14600001
14650001
14700001
14750001
14800001
14850001
14900001
14950001
15000001
15050001
15100001
15150001
15200001
15250001
15300001
15350001
15400001
15450001
15500001
15550001
15600001
15650001
15700001
15750001
15800001
15850001
15900001
15950001
16000001
16050001
16100001
16150001
16200001
16250001
16300001
16350001
16400001
16450001
16500001
16550001
16600001
16650001
16700001
16750001
16800001
16850001
16900001
16950001
17000001
17050001
17100001
17150001
17200001
17250001
17300001
17350001
17400001
17450001
17500001
17550001
17600001
17650001
17700001
17750001
17800001
17850001
17900001
17950001
18000001
18050001
18100001
18150001
18200001
18250001
18300001
18350001
18400001
18450001
18500001
18550001
18600001
18650001
18700001
18750001
18800001
18850001
18900001
18950001
19000001
19050001
19100001
19150001
19200001
19250001
19300001
19350001
19400001
19450001
19500001
19550001
19600001
19650001
19700001
19750001
19800001
19850001
19900001
19950001
20000001
20050001
20100001
20150001
20200001
20250001
20300001
20350001
20400001
20450001
20500001
20550001
20600001
20650001
20700001
20750001
20800001
20850001
20900001
20950001
21000001
21050001
21100001
21150001
21200001
21250001
21300001
21350001
21400001
21450001
21500001
21550001
21600001
21650001
21700001
21750001
21800001
21850001
21900001
21950001
22000001
22050001
22100001
22150001
22200001
22250001
22300001
22350001
22400001
22450001
22500001
22550001
22600001
22650001
22700001
22750001
22800001
22850001
22900001
22950001
23000001
23050001
23100001
23150001
23200001
23250001
23300001
23350001
23400001
23450001
23500001
23550001
23600001
23650001
23700001
23750001
23800001
23850001
23900001
23950001
24000001
24050001
24100001
24150001
24200001
24250001
24300001
24350001
24400001
24450001
24500001
24550001
24600001
24650001
24700001
24750001
24800001
24850001
24900001
24950001
25000001
25050001
25100001
25150001
25200001
25250001
25300001
25350001
25400001
25450001
25500001
25550001
25600001
25650001
25700001
25750001
25800001
25850001
25900001
25950001
26000001
26050001
26100001
26150001
26200001
26250001
26300001
26350001
26400001
26450001
26500001
26550001
26600001
26650001
26700001
26750001
26800001
26850001
26900001
26950001
27000001
27050001
27100001
27150001
27200001
27250001
27300001
27350001
27400001
27450001
27500001
27550001
27600001
27650001
27700001
27750001
27800001
27850001
27900001
27950001
28000001
28050001
28100001
28150001
28200001
28250001
28300001
1
50001
100001
150001
200001
250001
300001
350001
400001
450001
500001
550001
600001
650001
700001
750001
800001
850001
900001
950001
1000001
1050001
1100001
1150001
1200001
1250001
1300001
1350001
1400001
1450001
1500001
1550001
1600001
1650001
1700001
1750001
1800001
1850001
1900001
1950001
2000001
2050001
2100001
2150001
2200001
2250001
2300001
2350001
2400001
2450001
2500001
2550001
2600001
2650001
2700001
2750001
2800001
2850001
2900001
2950001
3000001
3050001
3100001
3150001
3200001
3250001
3300001
3350001
3400001
3450001
3500001
3550001
3600001
3650001
3700001
3750001
3800001
3850001
3900001
3950001
4000001
4050001
4100001
4150001
4200001
4250001
4300001
4350001
4400001
4450001
4500001
4550001
4600001
4650001
4700001
4750001
4800001
4850001
4900001
4950001
5000001
5050001
5100001
5150001
5200001
5250001
5300001
5350001
5400001
5450001
5500001
5550001
5600001
5650001
5700001
5750001
5800001
5850001
5900001
5950001
6000001
6050001
6100001
6150001
6200001
6250001
6300001
6350001
6400001
6450001
6500001
6550001
6600001
6650001
6700001
6750001
6800001
6850001
6900001
6950001
7000001
7050001
7100001
7150001
7200001
7250001
7300001
7350001
7400001
7450001
7500001
7550001
7600001
7650001
7700001
7750001
7800001
7850001
7900001
7950001
8000001
8050001
8100001
8150001
8200001
8250001
8300001
8350001
8400001
8450001
8500001
8550001
8600001
8650001
8700001
8750001
8800001
8850001
8900001
8950001
9000001
9050001
9100001
9150001
9200001
9250001
9300001
9350001
9400001
9450001
9500001
9550001
9600001
9650001
9700001
9750001
9800001
9850001
9900001
9950001
10000001
10050001
10100001
10150001
10200001
10250001
10300001
10350001
10400001
10450001
10500001
10550001
10600001
10650001
10700001
10750001
10800001
10850001
10900001
10950001
11000001
11050001
11100001
11150001
11200001
11250001
11300001
11350001
11400001
11450001
11500001
11550001
11600001
11650001
11700001
11750001
11800001
11850001
11900001
11950001
12000001
12050001
12100001
12150001
12200001
12250001
12300001
12350001
12400001
12450001
12500001
12550001
12600001
12650001
12700001
12750001
12800001
12850001
12900001
12950001
13000001
13050001
13100001
13150001
13200001
13250001
13300001
13350001
13400001
13450001
13500001
13550001
13600001
13650001
13700001
13750001
13800001
13850001
13900001
13950001
14000001
14050001
14100001
14150001
14200001
14250001
14300001
14350001
14400001
14450001
14500001
14550001
14600001
14650001
14700001
14750001
14800001
14850001
14900001
14950001
15000001
15050001
15100001
15150001
15200001
15250001
15300001
15350001
15400001
15450001
15500001
15550001
15600001
15650001
15700001
15750001
15800001
15850001
15900001
15950001
16000001
16050001
16100001
16150001
16200001
16250001
16300001
16350001
16400001
16450001
16500001
16550001
16600001
16650001
16700001
16750001
16800001
16850001
16900001
16950001
17000001
17050001
17100001
17150001
17200001
17250001
17300001
17350001
17400001
17450001
17500001
17550001
17600001
17650001
17700001
17750001
17800001
17850001
17900001
17950001
18000001
18050001
18100001
18150001
18200001
18250001
18300001
18350001
18400001
18450001
18500001
18550001
1
50001
100001
150001
200001
250001
300001
350001
400001
450001
500001
550001
600001
650001
700001
750001
800001
850001
900001
950001
1000001
1050001
1100001
1150001
1200001
1250001
1300001
1350001
1400001
1450001
1500001
1550001
1600001
1650001
1700001
1750001
1800001
1850001
1900001
1950001
2000001
2050001
2100001
2150001
2200001
2250001
2300001
2350001
2400001
2450001
2500001
2550001
2600001
2650001
2700001
2750001
2800001
2850001
2900001
2950001
3000001
3050001
3100001
3150001
3200001
3250001
3300001
3350001
3400001
3450001
3500001
3550001
3600001
3650001
3700001
3750001
3800001
3850001
3900001
3950001
4000001
4050001
4100001
4150001
4200001
4250001
4300001
4350001
4400001
4450001
4500001
4550001
4600001
4650001
4700001
4750001
4800001
4850001
4900001
4950001
5000001
5050001
5100001
5150001
5200001
5250001
5300001
5350001
5400001
5450001
5500001
5550001
5600001
5650001
5700001
5750001
5800001
5850001
5900001
5950001
6000001
6050001
6100001
6150001
6200001
6250001
6300001
6350001
6400001
6450001
6500001
6550001
6600001
6650001
6700001
6750001
6800001
6850001
6900001
6950001
7000001
7050001
7100001
7150001
7200001
7250001
7300001
7350001
7400001
7450001
7500001
7550001
7600001
7650001
7700001
7750001
7800001
7850001
7900001
7950001
8000001
8050001
8100001
8150001
8200001
8250001
8300001
8350001
8400001
8450001
8500001
8550001
8600001
8650001
8700001
8750001
8800001
8850001
8900001
8950001
9000001
9050001
9100001
9150001
9200001
9250001
9300001
9350001
9400001
9450001
9500001
9550001
9600001
9650001
9700001
9750001
9800001
9850001
9900001
9950001
10000001
10050001
10100001
10150001
10200001
10250001
10300001
10350001
10400001
10450001
10500001
10550001
10600001
10650001
10700001
10750001
10800001
10850001
10900001
10950001
11000001
11050001
11100001
11150001
11200001
11250001
11300001
11350001
11400001
11450001
11500001
11550001
11600001
11650001
11700001
11750001
11800001
11850001
11900001
11950001
12000001
12050001
12100001
12150001
12200001
12250001
12300001
12350001
12400001
12450001
12500001
12550001
12600001
12650001
12700001
12750001
12800001
12850001
12900001
12950001
13000001
13050001
13100001
13150001
13200001
13250001
13300001
13350001
13400001
13450001
13500001
13550001
13600001
13650001
13700001
13750001
13800001
13850001
13900001
13950001
14000001
14050001
14100001
14150001
14200001
14250001
14300001
14350001
14400001
14450001
14500001
14550001
14600001
14650001
14700001
14750001
14800001
14850001
14900001
14950001
15000001
15050001
15100001
15150001
15200001
15250001
15300001
15350001
15400001
15450001
15500001
15550001
15600001
15650001
15700001
15750001
15800001
15850001
15900001
15950001
16000001
16050001
16100001
16150001
16200001
16250001
16300001
16350001
16400001
16450001
16500001
16550001
16600001
16650001
16700001
16750001
16800001
16850001
16900001
16950001
17000001
17050001
17100001
17150001
17200001
17250001
17300001
17350001
17400001
17450001
17500001
17550001
1
50001
100001
150001
200001
250001
300001
350001
400001
450001
500001
550001
600001
650001
700001
750001
800001
850001
900001
950001
1000001
1050001
1100001
1150001
1200001
1250001
1300001
1350001
1400001
1450001
1500001
1550001
1600001
1650001
1700001
1750001
1800001
1850001
1900001
1950001
2000001
2050001
2100001
2150001
2200001
2250001
2300001
2350001
2400001
2450001
2500001
2550001
2600001
2650001
2700001
2750001
2800001
2850001
2900001
2950001
3000001
3050001
3100001
3150001
3200001
3250001
3300001
3350001
3400001
3450001
3500001
3550001
3600001
3650001
3700001
3750001
3800001
3850001
3900001
3950001
4000001
4050001
4100001
4150001
4200001
4250001
4300001
4350001
4400001
4450001
4500001
4550001
4600001
4650001
4700001
4750001
4800001
4850001
4900001
4950001
5000001
5050001
5100001
5150001
5200001
5250001
5300001
5350001
5400001
5450001
5500001
5550001
5600001
5650001
5700001
5750001
5800001
5850001
5900001
5950001
6000001
6050001
6100001
6150001
6200001
6250001
6300001
6350001
6400001
6450001
6500001
6550001
6600001
6650001
6700001
6750001
6800001
6850001
6900001
6950001
7000001
7050001
7100001
7150001
7200001
7250001
7300001
7350001
7400001
7450001
7500001
7550001
7600001
7650001
7700001
7750001
7800001
7850001
7900001
7950001
8000001
8050001
8100001
8150001
8200001
8250001
8300001
8350001
8400001
8450001
8500001
8550001
8600001
8650001
8700001
8750001
8800001
8850001
8900001
8950001
9000001
9050001
9100001
9150001
9200001
9250001
9300001
9350001
9400001
9450001
9500001
9550001
9600001
9650001
9700001
9750001
9800001
9850001
9900001
9950001
10000001
10050001
10100001
10150001
10200001
10250001
10300001
10350001
10400001
10450001
10500001
10550001
10600001
10650001
10700001
10750001
10800001
10850001
10900001
10950001
11000001
11050001
11100001
11150001
11200001
11250001
11300001
11350001
11400001
11450001
11500001
11550001
11600001
11650001
11700001
11750001
11800001
11850001
11900001
11950001
12000001
12050001
12100001
12150001
12200001
12250001
12300001
12350001
12400001
12450001
12500001
12550001
12600001
12650001
12700001
12750001
12800001
12850001
12900001
12950001
13000001
13050001
13100001
13150001
13200001
13250001
13300001
13350001
13400001
13450001
13500001
13550001
13600001
13650001
13700001
13750001
13800001
13850001
13900001
13950001
14000001
14050001
14100001
14150001
14200001
14250001
14300001
14350001
14400001
14450001
14500001
14550001
14600001
14650001
14700001
14750001
14800001
14850001
14900001
14950001
15000001
15050001
15100001
15150001
15200001
15250001
15300001
15350001
15400001
15450001
15500001
15550001
15600001
15650001
15700001
15750001
15800001
15850001
15900001
15950001
16000001
16050001
16100001
16150001
16200001
16250001
16300001
16350001
16400001
16450001
16500001
16550001
16600001
16650001
16700001
16750001
1
50001
100001
150001
200001
250001
300001
350001
400001
450001
500001
550001
600001
650001
700001
750001
800001
850001
900001
950001
1000001
1050001
1100001
1150001
1200001
1250001
1300001
1350001
1400001
1450001
1500001
1550001
1600001
1650001
1700001
1750001
1800001
1850001
1900001
1950001
2000001
2050001
2100001
2150001
2200001
2250001
2300001
2350001
2400001
2450001
2500001
2550001
2600001
2650001
2700001
2750001
2800001
2850001
2900001
2950001
3000001
3050001
3100001
3150001
3200001
3250001
3300001
3350001
3400001
3450001
3500001
3550001
3600001
3650001
3700001
3750001
3800001
3850001
3900001
3950001
4000001
4050001
4100001
4150001
4200001
4250001
4300001
4350001
4400001
4450001
4500001
4550001
4600001
4650001
4700001
4750001
4800001
4850001
4900001
4950001
5000001
5050001
5100001
5150001
5200001
5250001
5300001
5350001
5400001
5450001
5500001
5550001
5600001
5650001
5700001
5750001
5800001
5850001
5900001
5950001
6000001
6050001
6100001
6150001
6200001
6250001
6300001
6350001
6400001
6450001
6500001
6550001
6600001
6650001
6700001
6750001
6800001
6850001
6900001
6950001
7000001
7050001
7100001
7150001
7200001
7250001
7300001
7350001
7400001
7450001
7500001
7550001
7600001
7650001
7700001
7750001
7800001
7850001
7900001
7950001
8000001
8050001
8100001
8150001
8200001
8250001
8300001
8350001
8400001
8450001
8500001
8550001
8600001
8650001
8700001
8750001
8800001
8850001
8900001
8950001
9000001
9050001
9100001
9150001
9200001
9250001
9300001
9350001
9400001
9450001
9500001
9550001
9600001
9650001
9700001
9750001
9800001
9850001
9900001
9950001
10000001
10050001
10100001
10150001
10200001
10250001
10300001
10350001
10400001
10450001
10500001
10550001
10600001
10650001
10700001
10750001
10800001
10850001
10900001
10950001
11000001
11050001
11100001
11150001
11200001
11250001
11300001
11350001
11400001
11450001
11500001
11550001
11600001
11650001
11700001
11750001
11800001
11850001
11900001
11950001
12000001
12050001
12100001
12150001
12200001
12250001
12300001
12350001
12400001
12450001
12500001
12550001
12600001
12650001
12700001
12750001
12800001
12850001
12900001
12950001
13000001
13050001
13100001
13150001
13200001
13250001
13300001
13350001
13400001
13450001
13500001
13550001
13600001
13650001
13700001
13750001
13800001
13850001
13900001
13950001
14000001
14050001
14100001
14150001
14200001
14250001
14300001
14350001
14400001
14450001
14500001
1
50001
100001
150001
200001
250001
300001
350001
400001
450001
500001
550001
600001
650001
700001
750001
800001
850001
900001
950001
1000001
1050001
1100001
1150001
1200001
1250001
1300001
1350001
1400001
1450001
1500001
1550001
1600001
1650001
1700001
1750001
1800001
1850001
1900001
1950001
2000001
2050001
2100001
2150001
2200001
2250001
2300001
2350001
2400001
2450001
2500001
2550001
2600001
2650001
2700001
2750001
2800001
2850001
2900001
2950001
3000001
3050001
3100001
3150001
3200001
3250001
3300001
3350001
3400001
3450001
3500001
3550001
3600001
3650001
3700001
3750001
3800001
3850001
3900001
3950001
4000001
4050001
4100001
4150001
4200001
4250001
4300001
4350001
4400001
4450001
4500001
4550001
4600001
4650001
4700001
4750001
4800001
4850001
4900001
4950001
5000001
5050001
5100001
5150001
5200001
5250001
5300001
5350001
5400001
5450001
5500001
5550001
5600001
5650001
5700001
5750001
5800001
5850001
5900001
5950001
6000001
6050001
6100001
6150001
6200001
6250001
6300001
6350001
6400001
6450001
6500001
6550001
6600001
6650001
6700001
6750001
6800001
6850001
6900001
6950001
7000001
7050001
7100001
7150001
7200001
7250001
7300001
7350001
7400001
7450001
7500001
7550001
7600001
7650001
7700001
7750001
7800001
7850001
7900001
7950001
8000001
8050001
8100001
8150001
8200001
8250001
8300001
8350001
8400001
8450001
8500001
8550001
8600001
8650001
8700001
8750001
8800001
8850001
8900001
8950001
9000001
9050001
9100001
9150001
9200001
9250001
9300001
9350001
9400001
9450001
9500001
9550001
9600001
9650001
9700001
9750001
9800001
9850001
9900001
9950001
10000001
10050001
10100001
10150001
10200001
10250001
10300001
10350001
10400001
10450001
10500001
10550001
10600001
10650001
10700001
10750001
10800001
10850001
10900001
10950001
11000001
11050001
11100001
11150001
11200001
11250001
11300001
11350001
11400001
11450001
11500001
11550001
11600001
11650001
11700001
11750001
11800001
11850001
11900001
11950001
12000001
12050001
12100001
12150001
12200001
12250001
12300001
12350001
12400001
12450001
12500001
12550001
12600001
12650001
12700001
12750001
12800001
12850001
12900001
12950001
13000001
13050001
13100001
13150001
13200001
13250001
13300001
13350001
13400001
13450001
13500001
13550001
13600001
13650001
13700001
13750001
13800001
13850001
1
50001
100001
150001
200001
250001
300001
350001
400001
450001
500001
550001
600001
650001
700001
750001
800001
850001
900001
950001
1000001
1050001
1100001
1150001
1200001
1250001
1300001
1350001
1400001
1450001
1500001
1550001
1600001
1650001
1700001
1750001
1800001
1850001
1900001
1950001
2000001
2050001
2100001
2150001
2200001
2250001
2300001
2350001
2400001
2450001
2500001
2550001
2600001
2650001
2700001
2750001
2800001
2850001
2900001
2950001
3000001
3050001
3100001
3150001
3200001
3250001
3300001
3350001
3400001
3450001
3500001
3550001
3600001
3650001
3700001
3750001
3800001
3850001
3900001
3950001
4000001
4050001
4100001
4150001
4200001
4250001
4300001
4350001
4400001
4450001
4500001
4550001
4600001
4650001
4700001
4750001
4800001
4850001
4900001
4950001
5000001
5050001
5100001
5150001
5200001
5250001
5300001
5350001
5400001
5450001
5500001
5550001
5600001
5650001
5700001
5750001
5800001
5850001
5900001
5950001
6000001
6050001
6100001
6150001
6200001
6250001
6300001
6350001
6400001
6450001
6500001
6550001
6600001
6650001
6700001
6750001
6800001
6850001
6900001
6950001
7000001
7050001
7100001
7150001
7200001
7250001
7300001
7350001
7400001
7450001
7500001
7550001
7600001
7650001
7700001
7750001
7800001
7850001
7900001
7950001
8000001
8050001
8100001
8150001
8200001
8250001
8300001
8350001
8400001
8450001
8500001
8550001
8600001
8650001
8700001
8750001
8800001
8850001
8900001
8950001
9000001
9050001
9100001
9150001
9200001
9250001
9300001
9350001
9400001
9450001
9500001
9550001
9600001
9650001
9700001
9750001
9800001
9850001
9900001
9950001
10000001
10050001
10100001
10150001
10200001
10250001
10300001
10350001
10400001
10450001
10500001
10550001
10600001
10650001
10700001
10750001
10800001
10850001
10900001
10950001
11000001
11050001
11100001
11150001
11200001
11250001
11300001
11350001
11400001
11450001
11500001
11550001
11600001
11650001
11700001
11750001
11800001
11850001
11900001
11950001
12000001
12050001
12100001
12150001
12200001
12250001
12300001
12350001
12400001
12450001
12500001
12550001
12600001
12650001
12700001
12750001
12800001
12850001
12900001
12950001
13000001
13050001
13100001
13150001
13200001
13250001
13300001
13350001
13400001
13450001
13500001
1
50001
100001
150001
200001
250001
300001
350001
400001
450001
500001
550001
600001
650001
700001
750001
800001
850001
900001
950001
1000001
1050001
1100001
1150001
1200001
1250001
1300001
1350001
1400001
1450001
1500001
1550001
1600001
1650001
1700001
1750001
1800001
1850001
1900001
1950001
2000001
2050001
2100001
2150001
2200001
2250001
2300001
2350001
2400001
2450001
2500001
2550001
2600001
2650001
2700001
2750001
2800001
2850001
2900001
2950001
3000001
3050001
3100001
3150001
3200001
3250001
3300001
3350001
3400001
3450001
3500001
3550001
3600001
3650001
3700001
3750001
3800001
3850001
3900001
3950001
4000001
4050001
4100001
4150001
4200001
4250001
4300001
4350001
4400001
4450001
4500001
4550001
4600001
4650001
4700001
4750001
4800001
4850001
4900001
4950001
5000001
5050001
5100001
5150001
5200001
5250001
5300001
5350001
5400001
5450001
5500001
5550001
5600001
5650001
5700001
5750001
5800001
5850001
5900001
5950001
6000001
6050001
6100001
6150001
6200001
6250001
6300001
6350001
6400001
6450001
6500001
6550001
6600001
6650001
6700001
6750001
6800001
6850001
6900001
6950001
7000001
7050001
7100001
7150001
7200001
7250001
7300001
7350001
7400001
7450001
7500001
7550001
7600001
7650001
7700001
7750001
7800001
7850001
7900001
7950001
8000001
8050001
8100001
8150001
8200001
8250001
8300001
8350001
8400001
8450001
8500001
8550001
8600001
8650001
8700001
8750001
8800001
8850001
8900001
8950001
9000001
9050001
9100001
9150001
9200001
9250001
9300001
9350001
9400001
9450001
9500001
9550001
9600001
9650001
9700001
9750001
9800001
9850001
9900001
9950001
10000001
10050001
10100001
10150001
10200001
10250001
10300001
10350001
10400001
10450001
10500001
10550001
10600001
10650001
10700001
10750001
10800001
10850001
10900001
10950001
11000001
11050001
11100001
11150001
11200001
11250001
11300001
11350001
11400001
11450001
11500001
11550001
11600001
11650001
11700001
11750001
11800001
11850001
11900001
11950001
12000001
12050001
12100001
12150001
12200001
12250001
1
50001
100001
150001
200001
250001
300001
350001
400001
450001
500001
550001
600001
650001
700001
750001
800001
850001
900001
950001
1000001
1050001
1100001
1150001
1200001
1250001
1300001
1350001
1400001
1450001
1500001
1550001
1600001
1650001
1700001
1750001
1800001
1850001
1900001
1950001
2000001
2050001
2100001
2150001
2200001
2250001
2300001
2350001
2400001
2450001
2500001
2550001
2600001
2650001
2700001
2750001
2800001
2850001
2900001
2950001
3000001
3050001
3100001
3150001
3200001
3250001
3300001
3350001
3400001
3450001
3500001
3550001
3600001
3650001
3700001
3750001
3800001
3850001
3900001
3950001
4000001
4050001
4100001
4150001
4200001
4250001
4300001
4350001
4400001
4450001
4500001
4550001
4600001
4650001
4700001
4750001
4800001
4850001
4900001
4950001
5000001
5050001
5100001
5150001
5200001
5250001
5300001
5350001
5400001
5450001
5500001
5550001
5600001
5650001
5700001
5750001
5800001
5850001
5900001
5950001
6000001
6050001
6100001
6150001
6200001
6250001
6300001
6350001
6400001
6450001
6500001
6550001
6600001
6650001
6700001
6750001
6800001
6850001
6900001
6950001
7000001
7050001
7100001
7150001
7200001
7250001
7300001
7350001
7400001
7450001
7500001
7550001
7600001
7650001
7700001
7750001
7800001
7850001
7900001
7950001
8000001
8050001
8100001
8150001
8200001
8250001
8300001
8350001
8400001
8450001
8500001
8550001
8600001
8650001
8700001
8750001
8800001
8850001
8900001
8950001
9000001
9050001
9100001
9150001
9200001
9250001
9300001
9350001
9400001
9450001
9500001
9550001
9600001
9650001
9700001
9750001
9800001
9850001
9900001
9950001
10000001
10050001
10100001
10150001
10200001
10250001
10300001
10350001
10400001
10450001
10500001
10550001
10600001
10650001
10700001
10750001
10800001
10850001
10900001
10950001
11000001
11050001
11100001
11150001
11200001
11250001
11300001
11350001
11400001
11450001
11500001
1
50001
100001
150001
200001
250001
300001
350001
400001
450001
500001
550001
600001
650001
700001
750001
800001
850001
900001
950001
1000001
1050001
1100001
1150001
1200001
1250001
1300001
1350001
1400001
1450001
1500001
1550001
1600001
1650001
1700001
1750001
1800001
1850001
1900001
1950001
2000001
2050001
2100001
2150001
2200001
2250001
2300001
2350001
2400001
2450001
2500001
2550001
2600001
2650001
2700001
2750001
2800001
2850001
2900001
2950001
3000001
3050001
3100001
3150001
3200001
3250001
3300001
3350001
3400001
3450001
3500001
3550001
3600001
3650001
3700001
3750001
3800001
3850001
3900001
3950001
4000001
4050001
4100001
4150001
4200001
4250001
4300001
4350001
4400001
4450001
4500001
4550001
4600001
4650001
4700001
4750001
4800001
4850001
4900001
4950001
5000001
5050001
5100001
5150001
5200001
5250001
5300001
5350001
5400001
5450001
5500001
5550001
5600001
5650001
5700001
5750001
5800001
5850001
5900001
5950001
6000001
6050001
6100001
6150001
6200001
6250001
6300001
6350001
6400001
6450001
6500001
6550001
6600001
6650001
6700001
6750001
6800001
6850001
6900001
6950001
7000001
7050001
7100001
7150001
7200001
7250001
7300001
7350001
7400001
7450001
7500001
7550001
7600001
7650001
7700001
7750001
7800001
7850001
7900001
7950001
8000001
8050001
8100001
8150001
8200001
8250001
8300001
8350001
8400001
8450001
8500001
8550001
8600001
8650001
8700001
8750001
8800001
8850001
8900001
8950001
9000001
9050001
9100001
9150001
9200001
9250001
9300001
9350001
9400001
9450001
9500001
9550001
9600001
9650001
9700001
9750001
9800001
9850001
9900001
9950001
10000001
10050001
10100001
10150001
10200001
10250001
10300001
10350001
10400001
10450001
10500001
10550001
10600001
10650001
10700001
10750001
10800001
1
50001
100001
150001
200001
250001
300001
350001
400001
450001
500001
550001
600001
650001
700001
750001
800001
850001
900001
950001
1000001
1050001
1100001
1150001
1200001
1250001
1300001
1350001
1400001
1450001
1500001
1550001
1600001
1650001
1700001
1750001
1800001
1850001
1900001
1950001
2000001
2050001
2100001
2150001
2200001
2250001
2300001
2350001
2400001
2450001
2500001
2550001
2600001
2650001
2700001
2750001
2800001
2850001
2900001
2950001
3000001
3050001
3100001
3150001
3200001
3250001
3300001
3350001
3400001
3450001
3500001
3550001
3600001
3650001
3700001
3750001
3800001
3850001
3900001
3950001
4000001
4050001
4100001
4150001
4200001
4250001
4300001
4350001
4400001
4450001
4500001
4550001
4600001
4650001
4700001
4750001
4800001
4850001
4900001
4950001
5000001
5050001
5100001
5150001
5200001
5250001
5300001
5350001
5400001
5450001
5500001
5550001
5600001
5650001
5700001
5750001
5800001
5850001
5900001
5950001
6000001
6050001
6100001
6150001
6200001
6250001
6300001
6350001
6400001
6450001
6500001
6550001
6600001
6650001
6700001
6750001
6800001
6850001
6900001
6950001
7000001
7050001
7100001
7150001
7200001
7250001
7300001
7350001
7400001
7450001
7500001
7550001
7600001
7650001
7700001
7750001
7800001
7850001
7900001
7950001
8000001
8050001
8100001
8150001
8200001
8250001
8300001
8350001
8400001
8450001
8500001
8550001
8600001
8650001
8700001
8750001
8800001
8850001
8900001
8950001
9000001
9050001
9100001
9150001
9200001
9250001
9300001
9350001
9400001
9450001
9500001
9550001
9600001
9650001
9700001
9750001
9800001
9850001
9900001
9950001
10000001
10050001
10100001
10150001
10200001
10250001
10300001
10350001
1
50001
100001
150001
200001
250001
300001
350001
400001
450001
500001
550001
600001
650001
700001
750001
800001
850001
900001
950001
1000001
1050001
1100001
1150001
1200001
1250001
1300001
1350001
1400001
1450001
1500001
1550001
1600001
1650001
1700001
1750001
1800001
1850001
1900001
1950001
2000001
2050001
2100001
2150001
2200001
2250001
2300001
2350001
2400001
2450001
2500001
2550001
2600001
2650001
2700001
2750001
2800001
2850001
2900001
2950001
3000001
3050001
3100001
3150001
3200001
3250001
3300001
3350001
3400001
3450001
3500001
3550001
3600001
3650001
3700001
3750001
3800001
3850001
3900001
3950001
4000001
4050001
4100001
4150001
4200001
4250001
4300001
4350001
4400001
4450001
4500001
4550001
4600001
4650001
4700001
4750001
4800001
4850001
4900001
4950001
5000001
5050001
5100001
5150001
5200001
5250001
5300001
5350001
5400001
5450001
5500001
5550001
5600001
5650001
5700001
5750001
5800001
5850001
5900001
5950001
6000001
6050001
6100001
6150001
6200001
6250001
6300001
6350001
6400001
6450001
6500001
6550001
6600001
6650001
6700001
6750001
6800001
6850001
6900001
6950001
7000001
7050001
7100001
7150001
7200001
7250001
7300001
7350001
7400001
7450001
7500001
7550001
7600001
7650001
7700001
7750001
7800001
7850001
7900001
7950001
8000001
8050001
8100001
8150001
8200001
8250001
8300001
8350001
8400001
8450001
8500001
8550001
8600001
8650001
8700001
8750001
8800001
8850001
8900001
8950001
9000001
9050001
9100001
9150001
9200001
9250001
9300001
9350001
9400001
9450001
9500001
9550001
9600001
9650001
9700001
9750001
9800001
9850001
9900001
9950001
10000001
10050001
10100001
10150001
10200001
10250001
10300001
1
50001
100001
150001
200001
250001
300001
350001
400001
450001
500001
550001
600001
650001
700001
750001
800001
850001
900001
950001
1000001
1050001
1100001
1150001
1200001
1250001
1300001
1350001
1400001
1450001
1500001
1550001
1600001
1650001
1700001
1750001
1800001
1850001
1900001
1950001
2000001
2050001
2100001
2150001
2200001
2250001
2300001
2350001
2400001
2450001
2500001
2550001
2600001
2650001
2700001
2750001
2800001
2850001
2900001
2950001
3000001
3050001
3100001
3150001
3200001
3250001
3300001
3350001
3400001
3450001
3500001
3550001
3600001
3650001
3700001
3750001
3800001
3850001
3900001
3950001
4000001
4050001
4100001
4150001
4200001
4250001
4300001
4350001
4400001
4450001
4500001
4550001
4600001
4650001
4700001
4750001
4800001
4850001
4900001
4950001
5000001
5050001
5100001
5150001
5200001
5250001
5300001
5350001
5400001
5450001
5500001
5550001
5600001
5650001
5700001
5750001
5800001
5850001
5900001
5950001
6000001
6050001
6100001
6150001
6200001
6250001
6300001
6350001
6400001
6450001
6500001
6550001
6600001
6650001
6700001
6750001
6800001
6850001
6900001
6950001
7000001
7050001
7100001
7150001
7200001
7250001
7300001
7350001
7400001
7450001
7500001
7550001
7600001
7650001
7700001
7750001
7800001
7850001
7900001
7950001
8000001
8050001
8100001
8150001
8200001
8250001
8300001
8350001
8400001
8450001
8500001
8550001
8600001
8650001
8700001
8750001
8800001
8850001
8900001
8950001
9000001
9050001
9100001
9150001
9200001
9250001
9300001
9350001
9400001
9450001
9500001
9550001
9600001
9650001
9700001
9750001
9800001
9850001
9900001
9950001
10000001
10050001
10100001
10150001
10200001
10250001
1
50001
100001
150001
200001
250001
300001
350001
400001
450001
500001
550001
600001
650001
700001
750001
800001
850001
900001
950001
1000001
1050001
1100001
1150001
1200001
1250001
1300001
1350001
1400001
1450001
1500001
1550001
1600001
1650001
1700001
1750001
1800001
1850001
1900001
1950001
2000001
2050001
2100001
2150001
2200001
2250001
2300001
2350001
2400001
2450001
2500001
2550001
2600001
2650001
2700001
2750001
2800001
2850001
2900001
2950001
3000001
3050001
3100001
3150001
3200001
3250001
3300001
3350001
3400001
3450001
3500001
3550001
3600001
3650001
3700001
3750001
3800001
3850001
3900001
3950001
4000001
4050001
4100001
4150001
4200001
4250001
4300001
4350001
4400001
4450001
4500001
4550001
4600001
4650001
4700001
4750001
4800001
4850001
4900001
4950001
5000001
5050001
5100001
5150001
5200001
5250001
5300001
5350001
5400001
5450001
5500001
5550001
5600001
5650001
5700001
5750001
5800001
5850001
5900001
5950001
6000001
6050001
6100001
6150001
6200001
6250001
6300001
6350001
6400001
6450001
6500001
6550001
6600001
6650001
6700001
6750001
6800001
6850001
6900001
6950001
7000001
7050001
7100001
7150001
7200001
7250001
7300001
7350001
7400001
7450001
7500001
7550001
7600001
7650001
7700001
7750001
7800001
7850001
7900001
7950001
8000001
8050001
8100001
8150001
8200001
8250001
8300001
8350001
8400001
8450001
8500001
8550001
8600001
8650001
8700001
8750001
8800001
8850001
8900001
8950001
9000001
9050001
9100001
9150001
9200001
9250001
9300001
9350001
1
50001
100001
150001
200001
250001
300001
350001
400001
450001
500001
550001
600001
650001
700001
750001
800001
850001
900001
950001
1000001
1050001
1100001
1150001
1200001
1250001
1300001
1350001
1400001
1450001
1500001
1550001
1600001
1650001
1700001
1750001
1800001
1850001
1900001
1950001
2000001
2050001
2100001
2150001
2200001
2250001
2300001
2350001
2400001
2450001
2500001
2550001
2600001
2650001
2700001
2750001
2800001
2850001
2900001
2950001
3000001
3050001
3100001
3150001
3200001
3250001
3300001
3350001
3400001
3450001
3500001
3550001
3600001
3650001
3700001
3750001
3800001
3850001
3900001
3950001
4000001
4050001
4100001
4150001
4200001
4250001
4300001
4350001
4400001
4450001
4500001
4550001
4600001
4650001
4700001
4750001
4800001
4850001
4900001
4950001
5000001
5050001
5100001
5150001
5200001
5250001
5300001
5350001
5400001
5450001
5500001
5550001
5600001
5650001
5700001
5750001
5800001
5850001
5900001
5950001
6000001
6050001
6100001
6150001
6200001
6250001
6300001
6350001
6400001
6450001
6500001
6550001
6600001
6650001
6700001
6750001
6800001
6850001
6900001
6950001
7000001
7050001
7100001
7150001
7200001
7250001
7300001
7350001
7400001
7450001
7500001
7550001
7600001
7650001
7700001
7750001
7800001
7850001
7900001
7950001
8000001
8050001
8100001
8150001
8200001
8250001
8300001
8350001
8400001
8450001
1
50001
100001
150001
200001
250001
300001
350001
400001
450001
500001
550001
600001
650001
700001
750001
800001
850001
900001
950001
1000001
1050001
1100001
1150001
1200001
1250001
1300001
1350001
1400001
1450001
1500001
1550001
1600001
1650001
1700001
1750001
1800001
1850001
1900001
1950001
2000001
2050001
2100001
2150001
2200001
2250001
2300001
2350001
2400001
2450001
2500001
2550001
2600001
2650001
2700001
2750001
2800001
2850001
2900001
2950001
3000001
3050001
3100001
3150001
3200001
3250001
3300001
3350001
3400001
3450001
3500001
3550001
3600001
3650001
3700001
3750001
3800001
3850001
3900001
3950001
4000001
4050001
4100001
4150001
4200001
4250001
4300001
4350001
4400001
4450001
4500001
4550001
4600001
4650001
4700001
4750001
4800001
4850001
4900001
4950001
5000001
5050001
5100001
5150001
5200001
5250001
5300001
5350001
5400001
5450001
5500001
5550001
5600001
5650001
5700001
5750001
5800001
5850001
5900001
5950001
6000001
6050001
6100001
6150001
6200001
6250001
6300001
6350001
6400001
6450001
6500001
6550001
6600001
6650001
6700001
6750001
6800001
6850001
6900001
6950001
7000001
7050001
7100001
7150001
7200001
7250001
7300001
7350001
7400001
7450001
7500001
7550001
7600001
7650001
7700001
7750001
7800001
7850001
7900001
7950001
8000001
8050001
1
50001
100001
150001
200001
250001
300001
350001
400001
450001
500001
550001
600001
650001
700001
750001
800001
850001
900001
950001
1000001
1050001
1100001
1150001
1200001
1250001
1300001
1350001
1400001
1450001
1500001
1550001
1600001
1650001
1700001
1750001
1800001
1850001
1900001
1950001
2000001
2050001
2100001
2150001
2200001
2250001
2300001
2350001
2400001
2450001
2500001
2550001
2600001
2650001
2700001
2750001
2800001
2850001
2900001
2950001
3000001
3050001
3100001
3150001
3200001
3250001
3300001
3350001
3400001
3450001
3500001
3550001
3600001
3650001
3700001
3750001
3800001
3850001
3900001
3950001
4000001
4050001
4100001
4150001
4200001
4250001
4300001
4350001
4400001
4450001
4500001
4550001
4600001
4650001
4700001
4750001
4800001
4850001
4900001
4950001
5000001
5050001
5100001
5150001
5200001
5250001
5300001
5350001
5400001
5450001
5500001
5550001
5600001
5650001
5700001
5750001
5800001
5850001
5900001
5950001
6000001
6050001
6100001
6150001
6200001
6250001
6300001
6350001
6400001
6450001
6500001
6550001
6600001
6650001
6700001
6750001
6800001
6850001
6900001
6950001
7000001
7050001
7100001
7150001
7200001
7250001
7300001
7350001
7400001
7450001
7500001
7550001
7600001
7650001
7700001
7750001
7800001
7850001
7900001
7950001
8000001
8050001
1
50001
100001
150001
200001
250001
300001
350001
400001
450001
500001
550001
600001
650001
700001
750001
800001
850001
900001
950001
1000001
1050001
1100001
1150001
1200001
1250001
1300001
1350001
1400001
1450001
1500001
1550001
1600001
1650001
1700001
1750001
1800001
1850001
1900001
1950001
2000001
2050001
2100001
2150001
2200001
2250001
2300001
2350001
2400001
2450001
2500001
2550001
2600001
2650001
2700001
2750001
2800001
2850001
2900001
2950001
3000001
3050001
3100001
3150001
3200001
3250001
3300001
3350001
3400001
3450001
3500001
3550001
3600001
3650001
3700001
3750001
3800001
3850001
3900001
3950001
4000001
4050001
4100001
4150001
4200001
4250001
4300001
4350001
4400001
4450001
4500001
4550001
4600001
4650001
4700001
4750001
4800001
4850001
4900001
4950001
5000001
5050001
5100001
5150001
5200001
5250001
5300001
5350001
5400001
5450001
5500001
5550001
5600001
5650001
5700001
5750001
5800001
5850001
5900001
5950001
6000001
6050001
6100001
6150001
6200001
6250001
6300001
6350001
6400001
6450001
6500001
6550001
6600001
6650001
6700001
6750001
6800001
6850001
6900001
6950001
7000001
7050001
7100001
7150001
7200001
7250001
7300001
7350001
7400001
7450001
7500001
7550001
7600001
7650001
7700001
7750001
7800001
7850001
7900001
7950001
8000001
1
50001
100001
150001
200001
250001
300001
350001
400001
450001
500001
550001
600001
650001
700001
750001
800001
850001
900001
950001
1000001
1050001
1100001
1150001
1200001
1250001
1300001
1350001
1400001
1450001
1500001
1550001
1600001
1650001
1700001
1750001
1800001
1850001
1900001
1950001
2000001
2050001
2100001
2150001
2200001
2250001
2300001
2350001
2400001
2450001
2500001
2550001
2600001
2650001
2700001
2750001
2800001
2850001
2900001
2950001
3000001
3050001
3100001
3150001
3200001
3250001
3300001
3350001
3400001
3450001
3500001
3550001
3600001
3650001
3700001
3750001
3800001
3850001
3900001
3950001
4000001
4050001
4100001
4150001
4200001
4250001
4300001
4350001
4400001
4450001
4500001
4550001
4600001
4650001
4700001
4750001
4800001
4850001
4900001
4950001
5000001
5050001
5100001
5150001
5200001
5250001
5300001
5350001
5400001
5450001
5500001
5550001
5600001
5650001
5700001
5750001
5800001
5850001
5900001
5950001
6000001
6050001
6100001
6150001
6200001
6250001
6300001
6350001
6400001
6450001
6500001
6550001
6600001
6650001
6700001
6750001
6800001
6850001
6900001
6950001
7000001
7050001
7100001
7150001
7200001
7250001
7300001
7350001
7400001
7450001
7500001
7550001
7600001
7650001
7700001
7750001
7800001
7850001
7900001
7950001
1
50001
100001
150001
200001
250001
300001
350001
400001
450001
500001
550001
600001
650001
700001
750001
800001
850001
900001
950001
1000001
1050001
1100001
1150001
1200001
1250001
1300001
1350001
1400001
1450001
1500001
1550001
1600001
1650001
1700001
1750001
1800001
1850001
1900001
1950001
2000001
2050001
2100001
2150001
2200001
2250001
2300001
2350001
2400001
2450001
2500001
2550001
2600001
2650001
2700001
2750001
2800001
2850001
2900001
2950001
3000001
3050001
3100001
3150001
3200001
3250001
3300001
3350001
3400001
3450001
3500001
3550001
3600001
3650001
3700001
3750001
3800001
3850001
3900001
3950001
4000001
4050001
4100001
4150001
4200001
4250001
4300001
4350001
4400001
4450001
4500001
4550001
4600001
4650001
4700001
4750001
4800001
4850001
4900001
4950001
5000001
5050001
5100001
5150001
5200001
5250001
5300001
5350001
5400001
5450001
5500001
5550001
5600001
5650001
5700001
5750001
5800001
5850001
5900001
5950001
6000001
6050001
6100001
6150001
6200001
6250001
6300001
6350001
6400001
6450001
6500001
6550001
6600001
6650001
6700001
6750001
6800001
6850001
6900001
6950001
7000001
7050001
7100001
7150001
7200001
7250001
7300001
7350001
7400001
7450001
7500001
7550001
7600001
7650001
7700001
1
50001
100001
150001
200001
250001
300001
350001
400001
450001
500001
550001
600001
650001
700001
750001
800001
850001
900001
950001
1000001
1050001
1100001
1150001
1200001
1250001
1300001
1350001
1400001
1450001
1500001
1550001
1600001
1650001
1700001
1750001
1800001
1850001
1900001
1950001
2000001
2050001
2100001
2150001
2200001
2250001
2300001
2350001
2400001
2450001
2500001
2550001
2600001
2650001
2700001
2750001
2800001
2850001
2900001
2950001
3000001
3050001
3100001
3150001
3200001
3250001
3300001
3350001
3400001
3450001
3500001
3550001
3600001
3650001
3700001
3750001
3800001
3850001
3900001
3950001
4000001
4050001
4100001
4150001
4200001
4250001
4300001
4350001
4400001
4450001
4500001
4550001
4600001
4650001
4700001
4750001
4800001
4850001
4900001
4950001
5000001
5050001
5100001
5150001
5200001
5250001
5300001
5350001
5400001
5450001
5500001
5550001
5600001
5650001
5700001
5750001
5800001
5850001
5900001
5950001
6000001
6050001
6100001
6150001
6200001
6250001
6300001
6350001
6400001
6450001
6500001
6550001
6600001
6650001
6700001
6750001
6800001
6850001
6900001
6950001
7000001
7050001
7100001
7150001
7200001
7250001
7300001
7350001
7400001
1
50001
100001
150001
200001
250001
300001
350001
400001
450001
500001
550001
600001
650001
700001
750001
800001
850001
900001
950001
1000001
1050001
1100001
1150001
1200001
1250001
1300001
1350001
1400001
1450001
1500001
1550001
1600001
1650001
1700001
1750001
1800001
1850001
1900001
1950001
2000001
2050001
2100001
2150001
2200001
2250001
2300001
2350001
2400001
2450001
2500001
2550001
2600001
2650001
2700001
2750001
2800001
2850001
2900001
2950001
3000001
3050001
3100001
3150001
3200001
3250001
3300001
3350001
3400001
3450001
3500001
3550001
3600001
3650001
3700001
3750001
3800001
3850001
3900001
3950001
4000001
4050001
4100001
4150001
4200001
4250001
4300001
4350001
4400001
4450001
4500001
4550001
4600001
4650001
4700001
4750001
4800001
4850001
4900001
4950001
5000001
5050001
5100001
5150001
5200001
5250001
5300001
5350001
5400001
5450001
5500001
5550001
5600001
5650001
5700001
5750001
5800001
5850001
5900001
5950001
6000001
6050001
6100001
6150001
6200001
6250001
6300001
6350001
6400001
6450001
6500001
6550001
6600001
6650001
1
50001
100001
150001
200001
250001
300001
350001
400001
450001
500001
550001
600001
650001
700001
750001
800001
850001
900001
950001
1000001
1050001
1100001
1150001
1200001
1250001
1300001
1350001
1400001
1450001
1500001
1550001
1600001
1650001
1700001
1750001
1800001
1850001
1900001
1950001
2000001
2050001
2100001
2150001
2200001
2250001
2300001
2350001
2400001
2450001
2500001
2550001
2600001
2650001
2700001
2750001
2800001
2850001
2900001
2950001
3000001
3050001
3100001
3150001
3200001
3250001
3300001
3350001
3400001
3450001
3500001
3550001
3600001
3650001
3700001
3750001
3800001
3850001
3900001
3950001
4000001
4050001
4100001
4150001
4200001
4250001
4300001
4350001
4400001
4450001
4500001
4550001
4600001
4650001
4700001
4750001
4800001
4850001
4900001
4950001
5000001
5050001
5100001
5150001
5200001
5250001
5300001
5350001
5400001
5450001
5500001
5550001
5600001
5650001
5700001
1
50001
100001
150001
200001
250001
300001
350001
400001
450001
500001
550001
600001
650001
700001
750001
800001
850001
900001
950001
1000001
1050001
1100001
1150001
1200001
1250001
1300001
1350001
1400001
1450001
1500001
1550001
1600001
1650001
1700001
1750001
1800001
1850001
1900001
1950001
2000001
2050001
2100001
2150001
2200001
2250001
2300001
2350001
2400001
2450001
2500001
2550001
2600001
2650001
2700001
2750001
2800001
2850001
2900001
2950001
3000001
3050001
3100001
3150001
3200001
3250001
3300001
3350001
3400001
3450001
3500001
3550001
3600001
3650001
3700001
3750001
3800001
3850001
3900001
3950001
4000001
4050001
4100001
4150001
4200001
4250001
4300001
4350001
4400001
4450001
4500001
4550001
4600001
4650001
4700001
4750001
4800001
4850001
4900001
4950001
5000001
5050001
5100001
5150001
5200001
5250001
5300001
5350001
1
50001
100001
150001
200001
250001
300001
350001
400001
450001
500001
550001
600001
650001
700001
750001
800001
850001
900001
950001
1000001
1050001
1100001
1150001
1200001
1250001
1300001
1350001
1400001
1450001
1500001
1550001
1600001
1650001
1700001
1750001
1800001
1850001
1900001
1950001
2000001
2050001
2100001
2150001
2200001
2250001
2300001
2350001
2400001
2450001
2500001
2550001
2600001
2650001
2700001
2750001
2800001
2850001
2900001
2950001
3000001
3050001
3100001
3150001
3200001
3250001
3300001
3350001
3400001
3450001
3500001
3550001
3600001
3650001
3700001
3750001
3800001
3850001
3900001
3950001
4000001
4050001
4100001
4150001
4200001
4250001
4300001
4350001
4400001
4450001
4500001
4550001
4600001
4650001
4700001
4750001
4800001
4850001
4900001
4950001
5000001
5050001
5100001
5150001
5200001
5250001
5300001
1
50001
100001
150001
200001
250001
300001
350001
400001
450001
500001
550001
600001
650001
700001
750001
800001
850001
900001
950001
1000001
1050001
1100001
1150001
1200001
1250001
1300001
1350001
1400001
1450001
1500001
1550001
1600001
1650001
1700001
1750001
1800001
1850001
1900001
1950001
2000001
2050001
2100001
2150001
2200001
2250001
2300001
2350001
2400001
2450001
2500001
2550001
2600001
2650001
2700001
2750001
2800001
2850001
2900001
2950001
3000001
3050001
3100001
3150001
3200001
3250001
3300001
3350001
3400001
3450001
3500001
3550001
3600001
3650001
3700001
3750001
3800001
3850001
3900001
3950001
4000001
4050001
4100001
4150001
4200001
4250001
4300001
1
50001
100001
150001
200001
250001
300001
350001
400001
450001
500001
550001
600001
650001
700001
750001
800001
850001
900001
950001
1000001
1050001
1100001
1150001
1200001
1250001
1300001
1350001
1400001
1450001
1500001
1550001
1600001
1650001
1700001
1750001
1800001
1850001
1900001
1950001
2000001
2050001
2100001
2150001
2200001
2250001
2300001
2350001
2400001
2450001
2500001
2550001
2600001
2650001
2700001
2750001
2800001
2850001
2900001
2950001
3000001
3050001
3100001
3150001
3200001
3250001
3300001
3350001
3400001
3450001
3500001
3550001
3600001
3650001
3700001
3750001
3800001
3850001
3900001
3950001
4000001
4050001
4100001
4150001
4200001
1
50001
100001
150001
200001
250001
300001
350001
400001
450001
500001
550001
600001
650001
700001
750001
800001
850001
900001
950001
1000001
1050001
1100001
1150001
1200001
1250001
1300001
1350001
1400001
1450001
1500001
1550001
1600001
1650001
1700001
1750001
1800001
1850001
1900001
1950001
2000001
2050001
2100001
2150001
2200001
2250001
2300001
2350001
2400001
2450001
2500001
2550001
2600001
2650001
2700001
2750001
2800001
2850001
2900001
2950001
3000001
3050001
3100001
3150001
3200001
3250001
3300001
3350001
3400001
3450001
3500001
3550001
3600001
3650001
3700001
1
50001
100001
150001
200001
250001
300001
350001
400001
450001
500001
550001
600001
650001
700001
750001
800001
850001
900001
950001
1000001
1050001
1100001
1150001
1200001
1250001
1300001
1350001
1400001
1450001
1500001
1550001
1600001
1650001
1700001
1750001
1800001
1850001
1900001
1950001
2000001
2050001
2100001
2150001
2200001
2250001
2300001
2350001
2400001
2450001
2500001
2550001
2600001
2650001
2700001
2750001
2800001
2850001
2900001
2950001
3000001
3050001
3100001
3150001
3200001
3250001
3300001
3350001
3400001
3450001
3500001
3550001
1
50001
100001
150001
200001
250001
300001
350001
400001
450001
500001
550001
600001
650001
700001
750001
800001
850001
900001
950001
1000001
1050001
1100001
1150001
1200001
1250001
1300001
1350001
1400001
1450001
1500001
1550001
1600001
1650001
1700001
1750001
1800001
1850001
1900001
1950001
2000001
2050001
2100001
2150001
2200001
2250001
2300001
2350001
2400001
2450001
2500001
2550001
2600001
2650001
2700001
2750001
2800001
2850001
2900001
2950001
3000001
3050001
3100001
3150001
1
50001
100001
150001
200001
250001
300001
350001
400001
450001
500001
550001
600001
650001
700001
750001
800001
850001
900001
950001
1000001
1050001
1100001
1150001
1200001
1250001
1300001
1350001
1400001
1450001
1500001
1550001
1600001
1650001
1700001
1750001
1800001
1850001
1900001
1950001
2000001
2050001
2100001
2150001
2200001
2250001
2300001
2350001
2400001
2450001
2500001
2550001
2600001
2650001
2700001
2750001
2800001
2850001
1
50001
100001
150001
200001
1
50001
100001
150001
200001
1
50001
100001
150001
200001
1
50001
100001
150001
200001
1
50001
100001
150001
200001
1
50001
100001
150001
200001
1
50001
100001
150001
200001
1
50001
100001
150001
200001
1
50001
100001
150001
1
50001
100001
150001
1
50001
100001
150001
1
50001
100001
150001
1
50001
100001
150001
1
50001
100001
150001
1
50001
100001
150001
1
50001
100001
1
50001
100001
1
50001
100001
1
50001
100001
1
50001
100001
1
50001
1
50001
1
50001
1
50001
1
50001
1
50001
1
50001
1
50001
1
50001
1
50001
1
50001
1
50001
1
50001
1
50001
1
50001
1
50001
1
50001
1
50001
1
50001
1
50001
1
50001
1
50001
1
50001
1
50001
1
50001
1
50001
1
50001
1
50001
1
50001
1
1
1
1
1
1
1
1
1
1
1
1
1
1
1
1
1
1
1
1
1
1
1
1
1
1
1
1
1
1
1
1
1
1
1
1
1
1
1
1
1
1
1
1
1
1
1
1
1
1
1
1
1
1
1
1
1
1
1
1
1
1
1
1
1
1
1
1
1
1
1
1
1
1
1
1
1
1
1
1
1
1
1
1
1
1
1
1
1
1
1
1
1
1
1
1
1
1
1
1
1
1
1
1
1
1
1
1
1
1
1
1
1
1
1
1
1
1
1
1
1
1
1
1
1
1
1
1
1
1
1
1
1
1
1
1
1
1
1
1
1
1
1
1
1
1
1
1
1
1
1
1
1
1
1
1
1
1
1
1
1
1
1
1
1
1
1
1
1
1
1
1
1
1
1
1
1
1
1
1
1
1
1
1
1
1
1
1
1
1
1
1
1
1
1
1
1
1
1
1
1
1
1
1
1
1
1
1
1
1
1
1
1
1
1
1
1
1
1
1
1
1
1
1
1
1
1
1
1
1
1
1
1
1
1
1
1
1
1
1
1
1
1
1
1
1
1
1
1
1
1
1
1
1
1
1
1
1
1
1
1
1
1
1
1
1
1
1
1
1
1
1
1
1
1
1
1
1
1
1
1
1
1
1
1
1
1
1
1
1
1
1
1
1
1
1
1
1
1
1
1
1
1
1
1
1
1
1
1
1
1
1
1
1
1
1
1
1
1
1
1
1
1
1
1
1
1
1
1
1
1
1
1
1
1
1
1
1
1
1
1
1
1
1
1
1
1
1
1
1
1
1
1
1
1
1
1
1
1
1
1
1
1
1
1
1
1
1
1
1
1
1
1
1
1
1
1
1
1
1
1
1
1
1
1
1
1
1
1
1
1
1
1
1
1
1
1
1
1
1
1
1
1
1
1
1
1
1
1
1
1
1
1
1
1
1
1
1
1
1
1
1
1
1
1
1
1
1
1
1
1
1
1
1
1
1
1
1
1
1
1
1
1
1
1
1
1
1
1
1
1
1
1
1
1
1
1
1
1
1
1
1
1
1
1
1
1
1
1
1
1
1
1
1
1
1
1
1
1
1
1
1
1
1
1
1
1
1
1
1
1
1
1
1
1
1
1
1
1
1
1
1
1
1
1
1
1
1
1
1
1
1
1
1
1
1
1
1
1
1
1
1
1
1
1
1
1
1
1
1
1
1
1
1
1
1
1
1
1
1
1
1
1
1
1
1
1
1
1
1
1
1
1
1
1
1
1
1
1
1
1
1
1
1
1
1
1
1
1
1
1
1
1
1
1
1
1
1
1
1
1
1
1
1
1
1
1
1
1
1
1
1
1
1
1
1
1
1
1
1
1
1
1
1
1
1
1
1
1
1
1
1
1
1
1
1
1
1
1
1
